1 0.21875 0.190625 0.09453125 0.0609375
1 0.35703125 0.18984375 0.09453125 0.06328125
1 0.4984375 0.19296875 0.103125 0.0515625
1 0.6453125 0.1921875 0.07890625 0.0578125
1 0.790625 0.19609375 0.07421875 0.059375
1 0.7921875 0.40078125 0.1015625 0.0640625
1 0.646875 0.375 0.08359375 0.1046875
1 0.4984375 0.37578125 0.07734375 0.08203125
1 0.35859375 0.37109375 0.09453125 0.084375
1 0.21640625 0.37265625 0.09453125 0.06640625
1 0.2171875 0.5546875 0.096875 0.059375
1 0.35703125 0.55625 0.11171875 0.05703125
1 0.5 0.5546875 0.084375 0.06484375
1 0.65078125 0.5625 0.075 0.06015625
1 0.78984375 0.559375 0.0921875 0.0609375
1 0.79140625 0.7375 0.075 0.03203125
1 0.6734375 0.7390625 0.0953125 0.028125
1 0.5609375 0.73515625 0.07109375 0.034375
1 0.45859375 0.73828125 0.07421875 0.04140625
1 0.3515625 0.734375 0.08515625 0.0515625
1 0.21015625 0.7390625 0.1015625 0.04375