1 0.1609375 0.25625 0.1046875 0.0796875
1 0.2953125 0.2265625 0.10625 0.08125
1 0.434375 0.2 0.1109375 0.071875
1 0.578125 0.16875 0.0890625 0.0734375
1 0.72109375 0.1421875 0.084375 0.0734375
1 0.76484375 0.3421875 0.1125 0.084375
1 0.61796875 0.346875 0.103125 0.1203125
1 0.47265625 0.37890625 0.0921875 0.096875
1 0.33515625 0.403125 0.109375 0.1015625
1 0.19609375 0.434375 0.10625 0.084375
1 0.234375 0.6125 0.1078125 0.078125
1 0.371875 0.584375 0.121875 0.0796875
1 0.51171875 0.553125 0.0953125 0.08125
1 0.66015625 0.5296875 0.0859375 0.075
1 0.79609375 0.49765625 0.103125 0.078125
1 0.834375 0.671875 0.0796875 0.046875
1 0.71953125 0.69765625 0.0984375 0.046875
1 0.60859375 0.7171875 0.0765625 0.0484375
1 0.509375 0.74140625 0.08125 0.05625
1 0.40390625 0.76015625 0.09375 0.06875
1 0.26640625 0.79375 0.1078125 0.0640625