1 0.1484375 0.27421875 0.1078125 0.0828125
1 0.28125 0.2375 0.1078125 0.0859375
1 0.41875 0.20390625 0.1125 0.0765625
1 0.5609375 0.16484375 0.090625 0.0765625
1 0.70234375 0.13125 0.0875 0.0765625
1 0.75625 0.32890625 0.1140625 0.0875
1 0.609375 0.34140625 0.1078125 0.1234375
1 0.46640625 0.38046875 0.0953125 0.1
1 0.3296875 0.41171875 0.1125 0.10625
1 0.19296875 0.45078125 0.1078125 0.0890625
1 0.240625 0.62578125 0.109375 0.0828125
1 0.3765625 0.59140625 0.1234375 0.084375
1 0.5140625 0.553125 0.0984375 0.084375
1 0.66171875 0.52109375 0.0875 0.078125
1 0.7953125 0.48203125 0.1046875 0.0828125
1 0.84296875 0.65390625 0.08125 0.05
1 0.7296875 0.6859375 0.1 0.0515625
1 0.61953125 0.71171875 0.078125 0.0515625
1 0.521875 0.740625 0.0828125 0.059375
1 0.4171875 0.76484375 0.0953125 0.071875
1 0.28203125 0.80625 0.109375 0.06875