1 0.8234375 0.25078125 0.1328125 0.1484375
1 0.909375 0.51171875 0.18125 0.2828125
1 0.753125 0.41796875 0.1875 0.2203125
1 0.77890625 0.6234375 0.178125 0.2
1 0.51796875 0.30859375 0.175 0.18125
1 0.1046875 0.55234375 0.13125 0.15625
1 0.1734375 0.3828125 0.1609375 0.19375
1 0.1703125 0.73984375 0.2078125 0.1859375
1 0.234375 0.57890625 0.1796875 0.2015625
1 0.35078125 0.725 0.1671875 0.196875
1 0.5 0.68984375 0.1640625 0.175
1 0.64296875 0.66953125 0.146875 0.165625
1 0.5 0.51953125 0.2546875 0.2375
1 0.35390625 0.39140625 0.2359375 0.2703125
1 0.7036772874999999 0.21864387187499998 0.649001915625 0.21698697656250002 0.5595111265625 0.45124176718750003 0.6185447468749999 0.4973837078125 0.662950815625 0.48761205625 0.7382502953125 0.24773005312500002 0.7036772874999999 0.21864387187499998