1 0.896875 0.40390625 0.1328125 0.1484375
1 0.86953125 0.67734375 0.18125 0.2828125
1 0.76484375 0.528125 0.1875 0.2203125
1 0.70390625 0.7265625 0.178125 0.2
1 0.59375 0.33203125 0.175 0.18125
1 0.1171875 0.38671875 0.13125 0.15625
1 0.24921875 0.26015625 0.1609375 0.19375
1 0.10234375 0.58359375 0.2046875 0.1859375
1 0.225 0.4640625 0.1796875 0.2015625
1 0.271875 0.64453125 0.1671875 0.196875
1 0.42265625 0.6734375 0.1640625 0.175
1 0.56171875 0.7125 0.146875 0.165625
1 0.4921875 0.5171875 0.2546875 0.2375
1 0.4109375 0.34140625 0.2359375 0.2703125
1 0.8005063078125 0.325811403125 0.751231790625 0.3020592765625 0.574197878125 0.47966249375 0.60936015625 0.545826390625 0.6539016078125 0.5549611171875 0.8202599078125001 0.36644506093749996 0.8005063078125 0.325811403125