1 0.86796875 0.3234375 0.10859375 0.128125
1 0.8984375 0.596875 0.13046875 0.2609375
1 0.76484375 0.47265625 0.15078125 0.19375
1 0.746875 0.67890625 0.14453125 0.17421875
1 0.55703125 0.31640625 0.1453125 0.1546875
1 0.10234375 0.46875 0.1046875 0.13828125
1 0.2046875 0.3171875 0.128125 0.17109375
1 0.12734375 0.665625 0.1796875 0.15234375
1 0.2234375 0.521875 0.146875 0.175
1 0.30703125 0.6890625 0.13359375 0.17265625
1 0.46015625 0.6859375 0.1359375 0.15078125
1 0.6046875 0.6953125 0.11953125 0.14453125
1 0.49609375 0.51875 0.21796875 0.19609375
1 0.3796875 0.36328125 0.190625 0.2359375
1 0.6619655468750001 0.5217621421875 0.7854938265625 0.302777778125 0.757723678125 0.26713906718749997 0.7045875828125 0.25415072968749997 0.568348071875 0.4646803109375 0.6164982171875 0.52208771875 0.6619655468750001 0.5217621421875