1 0.86171875 0.69375 0.1484375 0.128125
1 0.89765625 0.5921875 0.1296875 0.109375
1 0.76796875 0.55 0.1765625 0.1578125
1 0.7125 0.6625 0.1765625 0.153125
1 0.58359375 0.64140625 0.1296875 0.115625
1 0.65078125 0.528125 0.1515625 0.153125
1 0.43203125 0.615625 0.1421875 0.115625
1 0.0953125 0.52421875 0.190625 0.1515625
1 0.13203125 0.421875 0.109375 0.103125
1 0.26328125 0.390625 0.125 0.1125
1 0.396875 0.440625 0.1828125 0.1546875
1 0.30546875 0.55703125 0.1625 0.146875
1 0.559375 0.46640625 0.1328125 0.1125
1 0.47890625 0.546875 0.2078125 0.15
1 0.22421875 0.4875 0.15625 0.1375