1 0.8578125 0.7 0.1484375 0.1296875
1 0.89609375 0.5984375 0.13125 0.1109375
1 0.7671875 0.5546875 0.178125 0.159375
1 0.709375 0.66640625 0.178125 0.15625
1 0.58125 0.64296875 0.13125 0.1171875
1 0.65 0.53046875 0.153125 0.1546875
1 0.4296875 0.61484375 0.1421875 0.1171875
1 0.0953125 0.51796875 0.190625 0.1546875
1 0.13359375 0.415625 0.109375 0.103125
1 0.26484375 0.38671875 0.1265625 0.1140625
1 0.3984375 0.4390625 0.1828125 0.15625
1 0.3046875 0.55390625 0.1640625 0.1484375
1 0.559375 0.4671875 0.1328125 0.1140625
1 0.478125 0.546875 0.209375 0.1515625
1 0.225 0.4828125 0.1578125 0.1390625