1 0.89765625 0.60078125 0.12734375 0.10078125
1 0.9078125 0.49296875 0.1125 0.084375
1 0.771875 0.48359375 0.1515625 0.12421875
1 0.7453125 0.60625 0.15234375 0.1203125
1 0.615625 0.6171875 0.1109375 0.0921875
1 0.653125 0.490625 0.125 0.1265625
1 0.46171875 0.62890625 0.12421875 0.0875
1 0.109375 0.6234375 0.178125 0.11171875
1 0.12421875 0.51328125 0.09140625 0.0828125
1 0.24375 0.4515625 0.10625 0.08984375
1 0.3859375 0.4671875 0.1578125 0.11953125
1 0.325 0.60234375 0.13828125 0.1171875
1 0.54921875 0.453125 0.11484375 0.0875
1 0.490625 0.55078125 0.18828125 0.10703125
1 0.2296875 0.5546875 0.134375 0.10859375