1 0.7703125 0.196875 0.13828125 0.15234375
1 0.8609375 0.41484375 0.090625 0.14609375
1 0.85625 0.6921875 0.11171875 0.14296875
1 0.68046875 0.771875 0.1140625 0.10546875
1 0.7078125 0.5625 0.13828125 0.17109375
1 0.61640625 0.3453125 0.1390625 0.1734375
1 0.51640625 0.53515625 0.1234375 0.14140625
1 0.4078125 0.7515625 0.14140625 0.17734375
1 0.21484375 0.76171875 0.1328125 0.12734375
1 0.15 0.54453125 0.12265625 0.1859375
1 0.3390625 0.49765625 0.14765625 0.15390625
1 0.45625 0.23125 0.15859375 0.17421875
1 0.221875 0.2625 0.1890625 0.24609375