1 0.7859375 0.21171875 0.1453125 0.159375
1 0.86484375 0.43359375 0.0984375 0.15
1 0.84609375 0.7109375 0.11875 0.1484375
1 0.665625 0.78125 0.11875 0.1109375
1 0.70390625 0.5734375 0.146875 0.178125
1 0.62421875 0.3515625 0.1484375 0.18125
1 0.51484375 0.5359375 0.13125 0.1484375
1 0.39453125 0.74609375 0.15 0.184375
1 0.2015625 0.74609375 0.1390625 0.134375
1 0.1484375 0.52578125 0.1328125 0.1921875
1 0.3390625 0.4890625 0.15625 0.1609375
1 0.4703125 0.2296875 0.1671875 0.1828125
1 0.234375 0.2484375 0.2015625 0.25625