1 0.82734375 0.259375 0.1671875 0.178125
1 0.87109375 0.49140625 0.11875 0.1625
1 0.80859375 0.76171875 0.1390625 0.1625
1 0.6203125 0.803125 0.1328125 0.1265625
1 0.690625 0.6046875 0.1703125 0.196875
1 0.64609375 0.37265625 0.171875 0.1984375
1 0.50859375 0.5375 0.15 0.1640625
1 0.3578125 0.7265625 0.175 0.203125
1 0.16640625 0.696875 0.15625 0.1515625
1 0.1484375 0.47109375 0.159375 0.2078125
1 0.34296875 0.4640625 0.1765625 0.18125
1 0.51328125 0.228125 0.190625 0.203125
1 0.27734375 0.21015625 0.2359375 0.2796875