1 0.1359375 0.21171875 0.11796875 0.1609375
1 0.4109375 0.196875 0.17734375 0.13046875
1 0.6515625 0.19921875 0.13359375 0.1421875
1 0.87578125 0.21796875 0.1234375 0.153125
1 0.6890625 0.365625 0.13203125 0.15390625
1 0.890625 0.46953125 0.128125 0.17890625
1 0.87421875 0.753125 0.1375 0.15625
1 0.7296875 0.61015625 0.125 0.16640625
1 0.6359375 0.7703125 0.1375 0.15078125
1 0.5078125 0.58125 0.14609375 0.09765625
1 0.325 0.4125 0.16015625 0.14375
1 0.27265625 0.6171875 0.14921875 0.1328125
1 0.40703125 0.77421875 0.13828125 0.14296875
1 0.15703125 0.77265625 0.14609375 0.15859375
1 0.096875 0.46328125 0.1171875 0.178125