1 0.12109375 0.23125 0.1265625 0.1671875
1 0.3953125 0.2015625 0.184375 0.1390625
1 0.6359375 0.19140625 0.140625 0.1484375
1 0.86015625 0.1984375 0.13125 0.159375
1 0.68203125 0.35625 0.140625 0.1609375
1 0.88828125 0.44921875 0.1375 0.1859375
1 0.88671875 0.7328125 0.1453125 0.1625
1 0.73515625 0.59765625 0.1328125 0.1734375
1 0.65 0.7625 0.1453125 0.1578125
1 0.51171875 0.58046875 0.1515625 0.1046875
1 0.3203125 0.421875 0.1671875 0.1515625
1 0.27890625 0.62890625 0.15625 0.140625
1 0.421875 0.77890625 0.1453125 0.15
1 0.171875 0.78984375 0.1546875 0.165625
1 0.0953125 0.484375 0.1265625 0.184375