1 0.14140625 0.20546875 0.1203125 0.1625
1 0.41640625 0.1953125 0.1796875 0.1328125
1 0.65703125 0.2015625 0.1359375 0.14375
1 0.88046875 0.22421875 0.1265625 0.1546875
1 0.69140625 0.36875 0.134375 0.15625
1 0.89140625 0.4765625 0.13125 0.18125
1 0.86953125 0.759375 0.140625 0.159375
1 0.72734375 0.6140625 0.128125 0.16875
1 0.63125 0.77265625 0.140625 0.153125
1 0.50625 0.58125 0.1484375 0.1
1 0.3265625 0.409375 0.1625 0.146875
1 0.2703125 0.61328125 0.1515625 0.1359375
1 0.40234375 0.77265625 0.140625 0.1453125
1 0.15234375 0.76640625 0.1484375 0.1609375
1 0.09765625 0.45625 0.1203125 0.1796875