1 0.7109375 0.17109375 0.134375 0.1375
1 0.5234375 0.17265625 0.134375 0.1296875
1 0.3734375 0.2453125 0.1359375 0.1328125
1 0.2125 0.23828125 0.1109375 0.13125
1 0.10625 0.37890625 0.1078125 0.1125
1 0.2734375 0.4125 0.1265625 0.128125
1 0.47265625 0.3953125 0.1234375 0.1234375
1 0.8234375 0.309375 0.11875 0.14375
1 0.65390625 0.33203125 0.109375 0.1078125
1 0.74375 0.5125 0.1078125 0.1375
1 0.878125 0.48671875 0.1125 0.13125
1 0.8640625 0.67265625 0.1125 0.115625
1 0.70859375 0.74765625 0.10625 0.0984375
1 0.596875 0.6125 0.13125 0.1328125
1 0.4390625 0.5765625 0.125 0.1359375
1 0.546875 0.7859375 0.128125 0.125
1 0.384375 0.76953125 0.1234375 0.15625
1 0.2703125 0.60703125 0.096875 0.11875
1 0.125 0.57578125 0.1359375 0.1375
1 0.209375 0.75703125 0.11875 0.134375