1 0.68125 0.15390625 0.1421875 0.146875
1 0.4953125 0.171875 0.14375 0.1390625
1 0.3515625 0.2578125 0.1453125 0.1421875
1 0.19140625 0.26484375 0.1203125 0.1375
1 0.09765625 0.4140625 0.1140625 0.1203125
1 0.2671875 0.4328125 0.134375 0.1359375
1 0.4640625 0.3984375 0.13125 0.13125
1 0.80546875 0.28203125 0.1296875 0.1515625
1 0.6390625 0.31953125 0.1171875 0.115625
1 0.74375 0.49140625 0.1171875 0.14375
1 0.875 0.45390625 0.121875 0.1375
1 0.878125 0.63984375 0.1203125 0.121875
1 0.72890625 0.728125 0.1125 0.1046875
1 0.60703125 0.60390625 0.140625 0.140625
1 0.44609375 0.58203125 0.134375 0.14375
1 0.571875 0.78125 0.1359375 0.1328125
1 0.4078125 0.778125 0.134375 0.1625
1 0.28125 0.6265625 0.1046875 0.125
1 0.13359375 0.60859375 0.14375 0.146875
1 0.2328125 0.78125 0.128125 0.140625