1 0.74921875 0.19921875 0.11953125 0.12421875
1 0.56328125 0.178125 0.121875 0.115625
1 0.40546875 0.23203125 0.12265625 0.11875
1 0.246875 0.20546875 0.096875 0.1203125
1 0.12421875 0.33203125 0.0953125 0.10234375
1 0.2859375 0.3859375 0.11328125 0.11484375
1 0.4859375 0.39296875 0.1109375 0.11015625
1 0.84453125 0.35 0.10390625 0.1328125
1 0.6734375 0.35234375 0.0984375 0.096875
1 0.740625 0.5421875 0.09296875 0.12734375
1 0.8765625 0.5328125 0.09921875 0.11953125
1 0.840625 0.715625 0.10078125 0.10390625
1 0.6765625 0.77109375 0.09609375 0.08671875
1 0.5828125 0.6234375 0.11796875 0.11875
1 0.43046875 0.56875 0.1109375 0.12265625
1 0.51171875 0.78984375 0.115625 0.11171875
1 0.35234375 0.753125 0.10625 0.14375
1 0.259375 0.578125 0.08359375 0.109375
1 0.11875 0.5296875 0.12109375 0.12421875
1 0.18046875 0.71953125 0.1046875 0.121875