1 0.28984375 0.18515625 0.19765625 0.19765625
1 0.4890625 0.20859375 0.140625 0.20859375
1 0.771875 0.21484375 0.15078125 0.2265625
1 0.134375 0.4265625 0.13828125 0.21171875
1 0.31953125 0.37734375 0.16171875 0.18828125
1 0.59375 0.33046875 0.196875 0.22578125
1 0.8734375 0.45 0.14765625 0.2046875
1 0.8328125 0.7625 0.1953125 0.26484375
1 0.69296875 0.5390625 0.13203125 0.2046875
1 0.57265625 0.76796875 0.28984375 0.2875
1 0.36796875 0.5890625 0.253125 0.271875
1 0.1515625 0.7296875 0.25546875 0.3046875