1 0.16640625 0.19453125 0.2265625 0.23359375
1 0.44921875 0.14609375 0.21484375 0.18671875
1 0.66953125 0.16328125 0.1796875 0.2078125
1 0.8671875 0.346875 0.22265625 0.20859375
1 0.6265625 0.49375 0.21015625 0.20859375
1 0.82265625 0.67734375 0.17265625 0.20078125
1 0.62421875 0.80234375 0.17578125 0.18828125
1 0.40390625 0.61640625 0.18984375 0.1921875
1 0.37109375 0.85625 0.178125 0.1625
1 0.1671875 0.70703125 0.15625 0.1828125
1 0.1125 0.47265625 0.19140625 0.19140625
1 0.36171875 0.38515625 0.21328125 0.2125