1 0.175 0.21171875 0.20546875 0.178125
1 0.37734375 0.31328125 0.196875 0.18515625
1 0.584375 0.20390625 0.19453125 0.20078125
1 0.8265625 0.20625 0.20546875 0.20078125
1 0.8609375 0.43828125 0.196875 0.20234375
1 0.8796875 0.7734375 0.1921875 0.2015625
1 0.70390625 0.61640625 0.19609375 0.203125
1 0.56953125 0.4328125 0.209375 0.19453125
1 0.56015625 0.765625 0.2203125 0.23828125
1 0.35703125 0.60234375 0.19921875 0.234375
1 0.18359375 0.73203125 0.20703125 0.22421875
1 0.15859375 0.440625 0.21796875 0.2140625