1 0.16484375 0.2234375 0.2109375 0.1859375
1 0.37109375 0.31796875 0.203125 0.1921875
1 0.57421875 0.20078125 0.2015625 0.2078125
1 0.81640625 0.1953125 0.2125 0.2078125
1 0.85859375 0.42578125 0.203125 0.209375
1 0.8890625 0.76015625 0.1984375 0.2078125
1 0.7078125 0.609375 0.203125 0.209375
1 0.5671875 0.43046875 0.215625 0.2015625
1 0.56953125 0.76328125 0.228125 0.2453125
1 0.3609375 0.60703125 0.2078125 0.240625
1 0.1921875 0.74296875 0.2140625 0.23125
1 0.15703125 0.45234375 0.225 0.221875