1 0.1984375 0.24609375 0.16796875 0.159375
1 0.1453125 0.40078125 0.18984375 0.171875
1 0.13984375 0.66171875 0.22734375 0.20859375
1 0.53203125 0.70625 0.2546875 0.2171875
1 0.8625 0.690625 0.21953125 0.17734375
1 0.53046875 0.23359375 0.14609375 0.159375
1 0.72109375 0.23828125 0.17578125 0.13984375
1 0.78515625 0.39296875 0.18125 0.1921875
1 0.521875 0.40078125 0.20703125 0.17109375
1 0.359375 0.30859375 0.1703125 0.16484375
1 0.31875 0.53203125 0.196875 0.1921875
1 0.675 0.55546875 0.18125 0.196875