1 0.21640625 0.1203125 0.1671875 0.125
1 0.3984375 0.16328125 0.1796875 0.121875
1 0.59765625 0.1796875 0.18125 0.1375
1 0.79296875 0.16796875 0.184375 0.121875
1 0.815625 0.27890625 0.184375 0.1234375
1 0.18203125 0.26875 0.1984375 0.1453125
1 0.390625 0.28984375 0.2 0.1375
1 0.62109375 0.3296875 0.1984375 0.134375
1 0.1640625 0.4125 0.2109375 0.1609375
1 0.384375 0.425 0.2125 0.146875
1 0.67734375 0.46328125 0.2015625 0.1546875
1 0.86640625 0.415625 0.153125 0.1359375
1 0.1671875 0.56640625 0.2390625 0.165625
1 0.428125 0.5515625 0.2203125 0.1546875
1 0.6328125 0.6421875 0.1984375 0.178125
1 0.8359375 0.584375 0.1921875 0.175
1 0.85859375 0.74296875 0.234375 0.203125
1 0.5734375 0.80234375 0.2328125 0.1875
1 0.365625 0.74296875 0.23125 0.1953125
1 0.12109375 0.75078125 0.2359375 0.2140625