1 0.184375 0.146875 0.1609375 0.1171875
1 0.36953125 0.1734375 0.175 0.1125
1 0.56953125 0.171875 0.175 0.128125
1 0.7625 0.14375 0.1796875 0.1125
1 0.7953125 0.25234375 0.178125 0.1140625
1 0.1625 0.296875 0.1921875 0.1359375
1 0.3734375 0.3 0.19375 0.128125
1 0.60546875 0.3203125 0.1921875 0.125
1 0.1578125 0.4421875 0.2046875 0.15
1 0.37890625 0.4359375 0.20625 0.1359375
1 0.6734375 0.44765625 0.1953125 0.1453125
1 0.85703125 0.384375 0.146875 0.128125
1 0.17421875 0.5953125 0.2328125 0.1546875
1 0.4328125 0.5578125 0.2140625 0.14375
1 0.64453125 0.63046875 0.1890625 0.16875
1 0.8421875 0.5546875 0.184375 0.165625
1 0.87890625 0.7109375 0.225 0.190625
1 0.6 0.79453125 0.2234375 0.175
1 0.3875 0.75390625 0.221875 0.184375
1 0.14453125 0.7828125 0.225 0.2015625