1 0.190625 0.14140625 0.159375 0.1140625
1 0.375 0.17109375 0.17265625 0.11015625
1 0.575 0.1734375 0.17265625 0.125
1 0.76875 0.1484375 0.17734375 0.11015625
1 0.79921875 0.2578125 0.1765625 0.1109375
1 0.16640625 0.29140625 0.18984375 0.1328125
1 0.3765625 0.29765625 0.1921875 0.12421875
1 0.60859375 0.321875 0.18984375 0.12109375
1 0.15859375 0.4359375 0.2015625 0.146875
1 0.3796875 0.43359375 0.20390625 0.1328125
1 0.67421875 0.45078125 0.1921875 0.1421875
1 0.859375 0.390625 0.1453125 0.12578125
1 0.17265625 0.58984375 0.2296875 0.15
1 0.43203125 0.55625 0.2109375 0.140625
1 0.6421875 0.6328125 0.18671875 0.16484375
1 0.84140625 0.5609375 0.18203125 0.1625
1 0.875 0.7171875 0.221875 0.1875
1 0.59453125 0.79609375 0.22109375 0.171875
1 0.3828125 0.7515625 0.21875 0.18125
1 0.13984375 0.7765625 0.221875 0.1984375