1 0.11484375 0.13046875 0.1953125 0.190625
1 0.328125 0.1546875 0.225 0.1890625
1 0.55703125 0.14140625 0.2 0.2046875
1 0.77421875 0.10390625 0.1953125 0.196875
1 0.11953125 0.33828125 0.2 0.2109375
1 0.3546875 0.34140625 0.2328125 0.165625
1 0.60546875 0.3625 0.2125 0.1640625
1 0.81875 0.2546875 0.1984375 0.1609375
1 0.140625 0.53046875 0.215625 0.184375
1 0.3625 0.5171875 0.2375 0.19375
1 0.675 0.52421875 0.203125 0.19375
1 0.871875 0.4375 0.1609375 0.15625
1 0.83828125 0.640625 0.1890625 0.1953125
1 0.8640625 0.82265625 0.221875 0.2125
1 0.64140625 0.72890625 0.203125 0.1921875
1 0.6078125 0.90703125 0.2109375 0.1671875
1 0.4046875 0.87265625 0.2078125 0.19375
1 0.4328125 0.66484375 0.20625 0.1625
1 0.17265625 0.71328125 0.221875 0.15625
1 0.1796875 0.90078125 0.221875 0.171875