1 0.128125 0.1171875 0.1890625 0.18359375
1 0.340625 0.14921875 0.21875 0.18125
1 0.56953125 0.14375 0.19296875 0.19765625
1 0.7875 0.1140625 0.1890625 0.190625
1 0.12578125 0.325 0.19375 0.20390625
1 0.36015625 0.33671875 0.22734375 0.1578125
1 0.61015625 0.36640625 0.20703125 0.15625
1 0.82734375 0.265625 0.19296875 0.15390625
1 0.13984375 0.51796875 0.209375 0.17734375
1 0.36171875 0.5125 0.23125 0.18515625
1 0.67421875 0.53046875 0.196875 0.1875
1 0.8734375 0.45078125 0.15625 0.1515625
1 0.8328125 0.65234375 0.1828125 0.18828125
1 0.85234375 0.83515625 0.215625 0.2046875
1 0.63359375 0.73359375 0.19609375 0.1859375
1 0.59375 0.9109375 0.20546875 0.16015625
1 0.39140625 0.86875 0.20078125 0.1875
1 0.42734375 0.6625 0.2015625 0.15546875
1 0.165625 0.7015625 0.21640625 0.1484375
1 0.165625 0.8890625 0.21640625 0.1640625