1 0.10234375 0.14375 0.2015625 0.196875
1 0.31640625 0.1609375 0.23125 0.1953125
1 0.54453125 0.13984375 0.20625 0.2109375
1 0.76015625 0.0984375 0.2015625 0.196875
1 0.11484375 0.3515625 0.2078125 0.2171875
1 0.34921875 0.346875 0.2375 0.1734375
1 0.60078125 0.359375 0.2171875 0.1703125
1 0.81015625 0.24375 0.203125 0.1671875
1 0.1421875 0.54296875 0.221875 0.1921875
1 0.36328125 0.521875 0.24375 0.2015625
1 0.67578125 0.51796875 0.209375 0.2
1 0.86875 0.425 0.1671875 0.1625
1 0.84296875 0.62890625 0.1953125 0.2
1 0.875 0.809375 0.2296875 0.21875
1 0.64921875 0.7234375 0.2078125 0.1984375
1 0.621875 0.903125 0.215625 0.1734375
1 0.4171875 0.87578125 0.2140625 0.2015625
1 0.4390625 0.6671875 0.2125 0.16875
1 0.18046875 0.72421875 0.2265625 0.1625
1 0.19296875 0.9109375 0.2265625 0.178125