1 0.73828125 0.10625 0.1265625 0.1125
1 0.79296875 0.24375 0.1421875 0.1375
1 0.76640625 0.425 0.1984375 0.19375
1 0.9234375 0.484375 0.153125 0.2
1 0.83046875 0.61796875 0.178125 0.146875
1 0.853125 0.7796875 0.2765625 0.2203125
1 0.6171875 0.82109375 0.1875 0.1640625
1 0.55078125 0.703125 0.2671875 0.14375
1 0.64296875 0.57890625 0.1828125 0.13125
1 0.41328125 0.82734375 0.196875 0.1703125
1 0.16875 0.8515625 0.20625 0.2
1 0.1078125 0.63359375 0.14375 0.2328125
1 0.31015625 0.7015625 0.2359375 0.1609375
1 0.27890625 0.56484375 0.1796875 0.13125
1 0.4671875 0.56796875 0.1796875 0.1234375
1 0.4875 0.46953125 0.2375 0.1703125
1 0.5953125 0.36640625 0.1796875 0.128125
1 0.6125 0.278125 0.1828125 0.1375
1 0.5703125 0.1046875 0.1421875 0.1359375
1 0.66796875 0.18984375 0.128125 0.1484375
1 0.47265625 0.209375 0.121875 0.14375
1 0.40234375 0.103125 0.175 0.1453125
1 0.25390625 0.446875 0.1796875 0.1109375
1 0.1828125 0.40703125 0.178125 0.1265625
1 0.284375 0.33125 0.134375 0.115625
1 0.32578125 0.2484375 0.19375 0.128125
1 0.1453125 0.29921875 0.171875 0.1296875
1 0.1203125 0.18203125 0.134375 0.109375
1 0.2578125 0.13203125 0.1265625 0.109375