1 0.784375 0.13828125 0.115625 0.0984375
1 0.821875 0.28125 0.128125 0.12265625
1 0.7734375 0.4578125 0.178125 0.1734375
1 0.92265625 0.53671875 0.13359375 0.18515625
1 0.81328125 0.65703125 0.1640625 0.12734375
1 0.81640625 0.8203125 0.25546875 0.190625
1 0.57734375 0.8328125 0.171875 0.14375
1 0.52578125 0.7078125 0.25546875 0.1140625
1 0.63203125 0.59609375 0.17109375 0.11171875
1 0.37421875 0.8140625 0.1796875 0.14921875
1 0.128125 0.80859375 0.18515625 0.17890625
1 0.09453125 0.58515625 0.11796875 0.2203125
1 0.28671875 0.6765625 0.221875 0.134375
1 0.27265625 0.5375 0.1671875 0.1109375
1 0.459375 0.56328125 0.16796875 0.10390625
1 0.49140625 0.46796875 0.221875 0.14375
1 0.6109375 0.37890625 0.16796875 0.10859375
1 0.63828125 0.29375 0.1703125 0.1171875
1 0.61796875 0.11640625 0.12890625 0.121875
1 0.7046875 0.2125 0.11171875 0.1359375
1 0.50859375 0.20859375 0.10625 0.13203125
1 0.4515625 0.09453125 0.1609375 0.12734375
1 0.2625 0.4171875 0.1703125 0.090625
1 0.196875 0.36875 0.1671875 0.10625
1 0.30625 0.30625 0.1234375 0.1015625
1 0.3578125 0.22890625 0.18203125 0.10703125
1 0.17265625 0.2578125 0.159375 0.1109375
1 0.16171875 0.13828125 0.12421875 0.09453125
1 0.3046875 0.10546875 0.115625 0.09609375