1 0.703125 0.08671875 0.1328125 0.1203125
1 0.76953125 0.21875 0.1515625 0.146875
1 0.75859375 0.4015625 0.2109375 0.20625
1 0.91796875 0.446875 0.1640625 0.209375
1 0.8390625 0.58828125 0.1875 0.159375
1 0.865625 0.74765625 0.26875 0.2390625
1 0.64453125 0.809375 0.1984375 0.1765625
1 0.56875 0.69765625 0.2734375 0.1640625
1 0.64921875 0.56640625 0.190625 0.1453125
1 0.4421875 0.83359375 0.20625 0.1828125
1 0.20078125 0.87890625 0.21875 0.2140625
1 0.12109375 0.66796875 0.1609375 0.240625
1 0.328125 0.7171875 0.2453125 0.178125
1 0.28515625 0.58359375 0.1859375 0.14375
1 0.4734375 0.5703125 0.1859375 0.1359375
1 0.48515625 0.4703125 0.246875 0.1875
1 0.58359375 0.35859375 0.1875 0.140625
1 0.5921875 0.26953125 0.190625 0.15
1 0.5359375 0.1 0.1515625 0.1453125
1 0.640625 0.1765625 0.1375 0.15625
1 0.44765625 0.21328125 0.13125 0.1515625
1 0.36796875 0.11328125 0.184375 0.1578125
1 0.25078125 0.46875 0.1859375 0.1234375
1 0.1765625 0.434375 0.1859375 0.1390625
1 0.2703125 0.35078125 0.1421875 0.125
1 0.3046875 0.2640625 0.2 0.1421875
1 0.1296875 0.33125 0.1796875 0.1421875
1 0.09375 0.21640625 0.140625 0.11875
1 0.2265625 0.1546875 0.1328125 0.11875