1 0.3859375 0.259375 0.146875 0.115625
1 0.52109375 0.36328125 0.165625 0.1765625
1 0.61015625 0.2453125 0.1515625 0.1328125
1 0.80390625 0.22421875 0.165625 0.1625
1 0.87578125 0.40390625 0.1625 0.1703125
1 0.7015625 0.496875 0.1609375 0.1515625
1 0.71640625 0.6265625 0.1515625 0.1609375
1 0.5375 0.5125 0.1515625 0.1578125
1 0.5078125 0.709375 0.1828125 0.20625
1 0.26328125 0.7703125 0.1515625 0.146875
1 0.328125 0.58359375 0.1796875 0.1859375
1 0.32578125 0.40546875 0.1484375 0.1359375
1 0.134375 0.41015625 0.146875 0.1421875
1 0.10234375 0.53984375 0.1421875 0.1453125
1 0.1390625 0.66953125 0.15625 0.1640625