1 0.425 0.24453125 0.134375 0.096875
1 0.5421875 0.36796875 0.14375 0.1578125
1 0.64921875 0.265625 0.1375 0.1140625
1 0.84296875 0.275 0.146875 0.1421875
1 0.88671875 0.4640625 0.1421875 0.1515625
1 0.69921875 0.528125 0.1421875 0.1328125
1 0.69375 0.65859375 0.1328125 0.14375
1 0.53515625 0.51796875 0.1328125 0.140625
1 0.475 0.7078125 0.1578125 0.1859375
1 0.22421875 0.7296875 0.134375 0.128125
1 0.3171875 0.55546875 0.1578125 0.1640625
1 0.34296875 0.3796875 0.1328125 0.11875
1 0.153125 0.35390625 0.13125 0.125
1 0.1015625 0.47734375 0.125 0.128125
1 0.1171875 0.6109375 0.1375 0.146875