1 0.43359375 0.2421875 0.13125 0.0921875
1 0.546875 0.36953125 0.1390625 0.153125
1 0.65703125 0.27109375 0.13359375 0.109375
1 0.85078125 0.2875 0.1421875 0.1375
1 0.8875 0.47734375 0.1375 0.146875
1 0.6984375 0.53515625 0.13828125 0.128125
1 0.68828125 0.665625 0.12734375 0.1390625
1 0.534375 0.51953125 0.12734375 0.13671875
1 0.46796875 0.70703125 0.1515625 0.18125
1 0.21640625 0.7203125 0.13046875 0.12421875
1 0.315625 0.54921875 0.15234375 0.159375
1 0.346875 0.37421875 0.1296875 0.1140625
1 0.15859375 0.3421875 0.1265625 0.1203125
1 0.10234375 0.46328125 0.12109375 0.12421875
1 0.11328125 0.59765625 0.13203125 0.1421875