1 0.1640625 0.228125 0.1171875 0.071875
1 0.37421875 0.240625 0.1140625 0.0953125
1 0.55 0.26171875 0.11875 0.0765625
1 0.7 0.240625 0.115625 0.1203125
1 0.8984375 0.24453125 0.1 0.1046875
1 0.87578125 0.38203125 0.1234375 0.1125
1 0.9 0.5203125 0.103125 0.1265625
1 0.70234375 0.5109375 0.1078125 0.10625
1 0.5515625 0.53046875 0.10625 0.1140625
1 0.51015625 0.3609375 0.13125 0.103125
1 0.3234375 0.35703125 0.1296875 0.1015625
1 0.3984375 0.4828125 0.084375 0.096875
1 0.45390625 0.709375 0.121875 0.1109375
1 0.90390625 0.72890625 0.1109375 0.125
1 0.2703125 0.740625 0.13125 0.1109375
1 0.240625 0.5765625 0.109375 0.1078125
1 0.06953125 0.6703125 0.125 0.1359375
1 0.1140625 0.4953125 0.1125 0.1046875
1 0.1421875 0.36640625 0.10625 0.1015625