1 0.17890625 0.2109375 0.11875 0.0734375
1 0.38828125 0.234375 0.115625 0.096875
1 0.5625 0.26484375 0.1203125 0.078125
1 0.71328125 0.2515625 0.11875 0.121875
1 0.91171875 0.265625 0.1015625 0.10625
1 0.88203125 0.4015625 0.125 0.115625
1 0.89765625 0.54140625 0.10625 0.128125
1 0.7015625 0.521875 0.109375 0.1078125
1 0.55 0.5328125 0.1078125 0.115625
1 0.5171875 0.36171875 0.1328125 0.1046875
1 0.33125 0.34765625 0.13125 0.103125
1 0.39921875 0.47734375 0.0859375 0.0984375
1 0.44296875 0.70703125 0.1234375 0.1140625
1 0.89140625 0.75 0.1125 0.1265625
1 0.25859375 0.728125 0.1328125 0.1140625
1 0.23671875 0.5625 0.1109375 0.109375
1 0.06171875 0.646875 0.1234375 0.1375
1 0.11484375 0.475 0.1140625 0.10625
1 0.15 0.34765625 0.1078125 0.103125