1 0.16875 0.22265625 0.115625 0.06953125
1 0.37890625 0.23828125 0.1125 0.09296875
1 0.55390625 0.2625 0.1171875 0.07421875
1 0.7046875 0.24453125 0.1140625 0.11796875
1 0.903125 0.2515625 0.09765625 0.10234375
1 0.878125 0.38828125 0.121875 0.1109375
1 0.89921875 0.52734375 0.1015625 0.12421875
1 0.70234375 0.51484375 0.10625 0.1046875
1 0.55078125 0.53125 0.1046875 0.1125
1 0.5125 0.3609375 0.1296875 0.10078125
1 0.32578125 0.35390625 0.128125 0.09921875
1 0.3984375 0.48125 0.08203125 0.0953125
1 0.45 0.70859375 0.11953125 0.109375
1 0.9 0.7359375 0.10859375 0.12265625
1 0.26640625 0.73671875 0.1296875 0.109375
1 0.2390625 0.571875 0.10703125 0.10546875
1 0.06640625 0.6625 0.12265625 0.13359375
1 0.1140625 0.48828125 0.11015625 0.10234375
1 0.14453125 0.36015625 0.1046875 0.1