1 0.18515625 0.1578125 0.1203125 0.1046875
1 0.4328125 0.221875 0.121875 0.121875
1 0.6796875 0.28203125 0.1140625 0.1078125
1 0.925 0.33046875 0.0890625 0.125
1 0.91015625 0.4796875 0.125 0.134375
1 0.88671875 0.621875 0.1171875 0.1375
1 0.828125 0.80703125 0.115625 0.1390625
1 0.778125 0.39140625 0.109375 0.1296875
1 0.73515625 0.69765625 0.096875 0.11875
1 0.6265625 0.575 0.115625 0.1421875
1 0.62890625 0.3953125 0.1140625 0.128125
1 0.56015625 0.7484375 0.1234375 0.1296875
1 0.415625 0.6015625 0.121875 0.128125
1 0.27890625 0.6921875 0.134375 0.1234375
1 0.3703125 0.45703125 0.096875 0.1125
1 0.28984375 0.31328125 0.1234375 0.1328125
1 0.1375 0.3015625 0.1203125 0.1234375
1 0.09296875 0.46015625 0.0984375 0.1140625
1 0.2390625 0.54453125 0.1140625 0.1359375
1 0.084375 0.640625 0.121875 0.1453125