1 0.08359375 0.29375 0.1203125 0.103125
1 0.3375 0.2640625 0.1203125 0.1203125
1 0.58984375 0.23203125 0.1125 0.10625
1 0.8359375 0.1890625 0.0875 0.1234375
1 0.875 0.33359375 0.1234375 0.1328125
1 0.9046875 0.47578125 0.115625 0.1359375
1 0.91640625 0.66953125 0.1140625 0.1390625
1 0.72109375 0.29921875 0.1078125 0.128125
1 0.790625 0.6 0.0953125 0.1171875
1 0.64453125 0.52421875 0.1140625 0.1421875
1 0.5828125 0.35625 0.1125 0.1265625
1 0.6453125 0.7109375 0.121875 0.128125
1 0.4578125 0.625 0.1203125 0.1265625
1 0.3625 0.75859375 0.1328125 0.121875
1 0.3640625 0.50625 0.0953125 0.1109375
1 0.23671875 0.4015625 0.121875 0.13125
1 0.090625 0.44453125 0.11875 0.121875
1 0.10546875 0.60859375 0.096875 0.1140625
1 0.27265625 0.63515625 0.1125 0.1359375
1 0.1625 0.78046875 0.11875 0.1453125