1 0.12578125 0.22421875 0.10625 0.0859375
1 0.38125 0.23984375 0.103125 0.1046875
1 0.63515625 0.2515625 0.09765625 0.09140625
1 0.88515625 0.25234375 0.06875 0.11328125
1 0.8984375 0.4015625 0.10546875 0.11640625
1 0.903125 0.54609375 0.0953125 0.121875
1 0.88046875 0.7390625 0.09375 0.12421875
1 0.75234375 0.340625 0.0890625 0.11484375
1 0.76875 0.64921875 0.07890625 0.10546875
1 0.63828125 0.54921875 0.09296875 0.12734375
1 0.60625 0.37265625 0.09375 0.1125
1 0.60625 0.7328125 0.1046875 0.11171875
1 0.43671875 0.615625 0.103125 0.11015625
1 0.31953125 0.73046875 0.1171875 0.10234375
1 0.36484375 0.4828125 0.0796875 0.09921875
1 0.2578125 0.35703125 0.103125 0.11484375
1 0.10625 0.37421875 0.1015625 0.10625
1 0.09296875 0.53828125 0.08125 0.10078125
1 0.25234375 0.59375 0.0921875 0.12109375
1 0.11875 0.7171875 0.0984375 0.1296875