1 0.178125 0.2671875 0.10234375 0.09609375
1 0.328125 0.25234375 0.12109375 0.10078125
1 0.4625 0.253125 0.08828125 0.08984375
1 0.628125 0.259375 0.134375 0.10703125
1 0.80703125 0.27734375 0.0859375 0.11640625
1 0.834375 0.43125 0.0984375 0.1171875
1 0.82734375 0.59375 0.08828125 0.0953125
1 0.83203125 0.7703125 0.0875 0.10703125
1 0.6703125 0.63046875 0.12578125 0.1109375
1 0.65 0.76015625 0.07421875 0.0953125
1 0.68671875 0.4203125 0.08125 0.090625
1 0.5078125 0.415625 0.11953125 0.11484375
1 0.3515625 0.41171875 0.07421875 0.078125
1 0.2046875 0.40859375 0.13125 0.0828125
1 0.14453125 0.59296875 0.109375 0.11171875
1 0.30390625 0.59375 0.121875 0.1
1 0.48671875 0.62109375 0.09765625 0.0796875
1 0.16953125 0.75078125 0.0859375 0.10546875
1 0.30859375 0.771875 0.1390625 0.1015625
1 0.4796875 0.78125 0.0703125 0.09140625