1 0.134375 0.3453125 0.121875 0.1171875
1 0.2765625 0.29765625 0.140625 0.125
1 0.4078125 0.26796875 0.10625 0.1078125
1 0.57109375 0.23671875 0.1546875 0.134375
1 0.74921875 0.2140625 0.109375 0.1328125
1 0.81015625 0.3578125 0.121875 0.1359375
1 0.83984375 0.51796875 0.1078125 0.1125
1 0.884375 0.6890625 0.109375 0.1234375
1 0.6953125 0.5890625 0.146875 0.1359375
1 0.7046875 0.71953125 0.09375 0.109375
1 0.6640625 0.38046875 0.1 0.10625
1 0.48828125 0.41640625 0.1421875 0.1390625
1 0.33515625 0.44765625 0.090625 0.0921875
1 0.19140625 0.47734375 0.146875 0.1109375
1 0.17421875 0.6703125 0.13125 0.1328125
1 0.3296875 0.63515625 0.140625 0.125
1 0.5140625 0.62109375 0.1125 0.1
1 0.234375 0.81875 0.1078125 0.121875
1 0.375 0.8078125 0.1578125 0.1296875
1 0.54375 0.77890625 0.0890625 0.1046875