1 0.13984375 0.3328125 0.11875 0.1140625
1 0.284375 0.28984375 0.1375 0.121875
1 0.41640625 0.26484375 0.103125 0.1046875
1 0.5796875 0.2390625 0.1515625 0.13125
1 0.75859375 0.22265625 0.10625 0.13125
1 0.81484375 0.36875 0.11875 0.134375
1 0.8390625 0.5296875 0.1046875 0.1109375
1 0.87734375 0.70234375 0.10625 0.121875
1 0.6921875 0.5953125 0.1453125 0.1328125
1 0.696875 0.7265625 0.090625 0.1078125
1 0.66796875 0.3859375 0.096875 0.1046875
1 0.49140625 0.415625 0.1390625 0.1359375
1 0.3375 0.44140625 0.0875 0.090625
1 0.19296875 0.46640625 0.1453125 0.10625
1 0.16875 0.659375 0.128125 0.13125
1 0.32578125 0.6296875 0.1390625 0.121875
1 0.51015625 0.62109375 0.1109375 0.096875
1 0.2234375 0.809375 0.1046875 0.1203125
1 0.3640625 0.803125 0.15625 0.1265625
1 0.53359375 0.7796875 0.0859375 0.103125