1 0.13984375 0.153125 0.1078125 0.1265625
1 0.35234375 0.2109375 0.1171875 0.1109375
1 0.5296875 0.25234375 0.1296875 0.1421875
1 0.73984375 0.29453125 0.1125 0.140625
1 0.95390625 0.353125 0.0859375 0.096875
1 0.8265625 0.45625 0.096875 0.11875
1 0.91796875 0.596875 0.0875 0.0921875
1 0.78046875 0.65546875 0.1 0.1125
1 0.86015625 0.82109375 0.1265625 0.125
1 0.665625 0.77109375 0.146875 0.1421875
1 0.5625 0.4234375 0.1265625 0.1453125
1 0.57578125 0.621875 0.1265625 0.1375
1 0.4 0.57109375 0.103125 0.1140625
1 0.396875 0.403125 0.103125 0.1140625
1 0.45078125 0.7234375 0.0890625 0.09375
1 0.25546875 0.690625 0.1375 0.1265625
1 0.1921875 0.52109375 0.15 0.1125
1 0.24765625 0.3109375 0.0828125 0.0859375
1 0.10625 0.38515625 0.109375 0.1109375
1 0.04609375 0.62109375 0.0921875 0.1109375