1 0.05390625 0.2734375 0.090625 0.1140625
1 0.27421875 0.2671875 0.1015625 0.0953125
1 0.45546875 0.2546875 0.109375 0.1265625
1 0.66875 0.23359375 0.090625 0.128125
1 0.890625 0.2265625 0.071875 0.0859375
1 0.79921875 0.36328125 0.0796875 0.1078125
1 0.928125 0.4703125 0.075 0.08125
1 0.81328125 0.56640625 0.084375 0.1
1 0.93828125 0.7015625 0.109375 0.1078125
1 0.73828125 0.71015625 0.128125 0.1234375
1 0.5375 0.40859375 0.10625 0.13125
1 0.60859375 0.59453125 0.1078125 0.121875
1 0.425 0.596875 0.0859375 0.1015625
1 0.3734375 0.4375 0.0875 0.1015625
1 0.51796875 0.728125 0.0765625 0.0828125
1 0.321875 0.75390625 0.121875 0.10625
1 0.21171875 0.6109375 0.1390625 0.0890625
1 0.203125 0.39296875 0.071875 0.075
1 0.08984375 0.50546875 0.09375 0.0953125
1 0.09765625 0.74921875 0.0859375 0.0984375