1 0.06640625 0.25078125 0.084375 0.109375
1 0.28671875 0.25546875 0.09765625 0.08984375
1 0.46875 0.25234375 0.10390625 0.12109375
1 0.6828125 0.24296875 0.084375 0.12421875
1 0.9046875 0.24765625 0.0671875 0.0828125
1 0.80625 0.37890625 0.07421875 0.10390625
1 0.92890625 0.49296875 0.0703125 0.07734375
1 0.809375 0.5828125 0.0796875 0.0953125
1 0.92734375 0.72421875 0.1046875 0.10234375
1 0.7265625 0.72265625 0.12265625 0.11640625
1 0.5421875 0.4109375 0.09921875 0.12578125
1 0.603125 0.6 0.1015625 0.11640625
1 0.4203125 0.59296875 0.08125 0.09765625
1 0.3765625 0.43125 0.08203125 0.096875
1 0.50625 0.72890625 0.071875 0.07890625
1 0.30859375 0.74453125 0.1171875 0.10078125
1 0.20625 0.5953125 0.134375 0.0828125
1 0.209375 0.37734375 0.06796875 0.07109375
1 0.08984375 0.48359375 0.08984375 0.09140625
1 0.08515625 0.728125 0.08046875 0.09453125