1 0.1515625 0.215625 0.134375 0.1078125
1 0.2453125 0.3265625 0.115625 0.0984375
1 0.3828125 0.23984375 0.1296875 0.1203125
1 0.6625 0.27109375 0.13125 0.09375
1 0.525 0.3296875 0.128125 0.109375
1 0.81484375 0.35 0.1328125 0.10625
1 0.94296875 0.2875 0.1140625 0.121875
1 0.92421875 0.4875 0.1359375 0.1234375
1 0.89375 0.61953125 0.128125 0.1265625
1 0.775 0.76796875 0.1796875 0.1375
1 0.73046875 0.61484375 0.1421875 0.11875
1 0.74375 0.45859375 0.134375 0.1125
1 0.575 0.46640625 0.1203125 0.11875
1 0.47265625 0.571875 0.146875 0.1328125
1 0.29375 0.71015625 0.1515625 0.1453125
1 0.0828125 0.6953125 0.1421875 0.128125
1 0.11953125 0.53671875 0.1515625 0.1265625
1 0.2921875 0.54140625 0.1421875 0.115625
1 0.38671875 0.44453125 0.134375 0.121875
1 0.10078125 0.38671875 0.134375 0.128125