1 0.1234375 0.25390625 0.125 0.0953125
1 0.22890625 0.35390625 0.10703125 0.08828125
1 0.35625 0.25390625 0.11875 0.10859375
1 0.6375 0.25546875 0.12265625 0.08203125
1 0.50703125 0.328125 0.11796875 0.09765625
1 0.79765625 0.31796875 0.1234375 0.09375
1 0.9234375 0.24296875 0.1109375 0.1109375
1 0.9203125 0.44296875 0.125 0.1109375
1 0.90390625 0.578125 0.1171875 0.11484375
1 0.8015625 0.7375 0.16796875 0.12109375
1 0.74140625 0.58984375 0.13203125 0.10546875
1 0.73828125 0.43359375 0.125 0.1
1 0.57109375 0.45859375 0.11015625 0.1078125
1 0.48046875 0.57421875 0.13515625 0.11953125
1 0.3171875 0.73046875 0.13828125 0.13203125
1 0.10546875 0.7375 0.13125 0.115625
1 0.12578125 0.5765625 0.140625 0.11171875
1 0.29765625 0.56328125 0.1328125 0.1015625
1 0.38125 0.45703125 0.1234375 0.109375
1 0.09140625 0.42890625 0.1234375 0.115625