1 0.09609375 0.3015625 0.1359375 0.109375
1 0.21328125 0.38828125 0.1171875 0.1
1 0.32734375 0.2734375 0.13125 0.121875
1 0.60703125 0.240625 0.13125 0.096875
1 0.4859375 0.32890625 0.1296875 0.1109375
1 0.7734375 0.2828125 0.134375 0.1078125
1 0.8890625 0.19296875 0.1234375 0.1234375
1 0.91015625 0.3921875 0.1375 0.125
1 0.91015625 0.528125 0.1296875 0.128125
1 0.828125 0.69921875 0.18125 0.140625
1 0.75078125 0.559375 0.14375 0.1203125
1 0.728125 0.4046875 0.1359375 0.1140625
1 0.565625 0.45 0.121875 0.1203125
1 0.48984375 0.57578125 0.1484375 0.134375
1 0.346875 0.75078125 0.153125 0.1484375
1 0.1375 0.78359375 0.14375 0.13125
1 0.13828125 0.621875 0.153125 0.128125
1 0.30703125 0.5875 0.14375 0.1171875
1 0.3765625 0.471875 0.1359375 0.1234375
1 0.0859375 0.47890625 0.1359375 0.1296875