1 0.13671875 0.48046875 0.15 0.165625
1 0.17578125 0.6046875 0.153125 0.1609375
1 0.28671875 0.6921875 0.19375 0.1984375
1 0.47109375 0.72109375 0.1625 0.1921875
1 0.63515625 0.678125 0.1765625 0.1875
1 0.8640625 0.59140625 0.15625 0.14375
1 0.72265625 0.3703125 0.14375 0.1484375
1 0.76484375 0.4703125 0.15625 0.1625
1 0.678125 0.578125 0.1609375 0.15625
1 0.39453125 0.6078125 0.16875 0.15625
1 0.3140625 0.4828125 0.159375 0.153125
1 0.37265625 0.3859375 0.1515625 0.1609375
1 0.5234375 0.32109375 0.146875 0.1703125
1 0.58125 0.421875 0.171875 0.1578125
1 0.50703125 0.50625 0.175 0.1734375