1 0.1390625 0.54375 0.12578125 0.14609375
1 0.19921875 0.659375 0.13125 0.140625
1 0.3234375 0.7265625 0.1671875 0.171875
1 0.51015625 0.72265625 0.13515625 0.17109375
1 0.6640625 0.6515625 0.15078125 0.16328125
1 0.87421875 0.5265625 0.13671875 0.12109375
1 0.696875 0.33359375 0.1234375 0.1296875
1 0.75546875 0.425 0.134375 0.14140625
1 0.6890625 0.54609375 0.13984375 0.13359375
1 0.41484375 0.62421875 0.1484375 0.1328125
1 0.3140625 0.515625 0.13828125 0.13046875
1 0.3546875 0.41015625 0.12890625 0.140625
1 0.4921875 0.31953125 0.12265625 0.1515625
1 0.56640625 0.40859375 0.1515625 0.1328125
1 0.5078125 0.5046875 0.15078125 0.14921875