1 0.13984375 0.55 0.128125 0.1484375
1 0.20234375 0.66484375 0.134375 0.1421875
1 0.32734375 0.7296875 0.1703125 0.175
1 0.5140625 0.72265625 0.1375 0.1734375
1 0.66640625 0.6484375 0.153125 0.165625
1 0.875 0.5203125 0.1390625 0.1234375
1 0.69375 0.33046875 0.125 0.13125
1 0.75390625 0.4203125 0.1375 0.14375
1 0.68984375 0.54296875 0.1421875 0.1359375
1 0.4171875 0.62578125 0.15 0.1359375
1 0.3140625 0.51875 0.140625 0.1328125
1 0.353125 0.4125 0.13125 0.1421875
1 0.4890625 0.31953125 0.125 0.153125
1 0.56484375 0.4078125 0.153125 0.1359375
1 0.5078125 0.5046875 0.153125 0.1515625