1 0.084375 0.303125 0.1296875 0.1203125
1 0.28125 0.2890625 0.11875 0.1265625
1 0.44453125 0.27421875 0.1109375 0.1078125
1 0.65 0.2625 0.121875 0.1375
1 0.89453125 0.24296875 0.121875 0.1046875
1 0.56796875 0.428125 0.13125 0.103125
1 0.8078125 0.41328125 0.1484375 0.1625
1 0.9171875 0.5890625 0.0984375 0.125
1 0.77109375 0.71796875 0.1421875 0.125
1 0.61875 0.5875 0.1328125 0.15
1 0.45546875 0.7421875 0.1625 0.1171875
1 0.31171875 0.6140625 0.1421875 0.165625
1 0.40078125 0.43046875 0.1265625 0.134375
1 0.18359375 0.46484375 0.1578125 0.1546875
1 0.09609375 0.6609375 0.125 0.134375