1 0.08125 0.3109375 0.13125 0.1234375
1 0.278125 0.29296875 0.1203125 0.128125
1 0.440625 0.27578125 0.1125 0.109375
1 0.64609375 0.26015625 0.125 0.140625
1 0.88984375 0.2359375 0.1234375 0.10625
1 0.56640625 0.4265625 0.13125 0.1046875
1 0.80625 0.4078125 0.15 0.165625
1 0.91875 0.58203125 0.1 0.1265625
1 0.775 0.71328125 0.1453125 0.1265625
1 0.6203125 0.58515625 0.1359375 0.1515625
1 0.46015625 0.74296875 0.165625 0.11875
1 0.31328125 0.6171875 0.14375 0.1671875
1 0.4 0.43203125 0.128125 0.1359375
1 0.1828125 0.4703125 0.159375 0.15625
1 0.09921875 0.66796875 0.1265625 0.1359375