1 0.09921875 0.275 0.12265625 0.1125
1 0.296875 0.27421875 0.1109375 0.11875
1 0.46015625 0.27109375 0.1046875 0.10078125
1 0.66640625 0.2734375 0.11328125 0.13046875
1 0.91171875 0.27109375 0.115625 0.09609375
1 0.57265625 0.4328125 0.12421875 0.09453125
1 0.81328125 0.43515625 0.1375 0.15390625
1 0.91015625 0.61796875 0.090625 0.11953125
1 0.75546875 0.73671875 0.13515625 0.115625
1 0.6125 0.5953125 0.1234375 0.14140625
1 0.4390625 0.73828125 0.15625 0.10625
1 0.30390625 0.60078125 0.13125 0.15625
1 0.40625 0.4234375 0.11796875 0.12578125
1 0.18671875 0.44296875 0.14765625 0.14453125
1 0.0859375 0.63203125 0.11640625 0.1265625