1 0.1234375 0.2640625 0.234375 0.14609375
1 0.1203125 0.4375 0.20078125 0.159375
1 0.4578125 0.26875 0.2125 0.19921875
1 0.66640625 0.2390625 0.128125 0.15859375
1 0.8765625 0.3421875 0.2421875 0.1640625
1 0.846875 0.6984375 0.18671875 0.18203125
1 0.9140625 0.53046875 0.1390625 0.14921875
1 0.69765625 0.56328125 0.2609375 0.15703125
1 0.61015625 0.73984375 0.1640625 0.10390625
1 0.659375 0.38828125 0.10234375 0.10546875
1 0.4625 0.4640625 0.234375 0.140625
1 0.26953125 0.503125 0.10625 0.11015625
1 0.10234375 0.62578125 0.15078125 0.159375
1 0.2328125 0.70703125 0.1640625 0.1734375
1 0.4 0.7140625 0.13828125 0.11015625