1 0.11640625 0.28359375 0.2328125 0.1578125
1 0.1171875 0.4578125 0.209375 0.1703125
1 0.44609375 0.27109375 0.221875 0.209375
1 0.65234375 0.23046875 0.1359375 0.165625
1 0.86796875 0.32265625 0.25 0.1765625
1 0.85703125 0.6796875 0.1953125 0.1921875
1 0.91484375 0.50859375 0.146875 0.15625
1 0.70078125 0.553125 0.26875 0.1703125
1 0.62265625 0.73359375 0.16875 0.1125
1 0.653125 0.38046875 0.1078125 0.1109375
1 0.4609375 0.46640625 0.2421875 0.153125
1 0.2703125 0.51484375 0.1125 0.115625
1 0.109375 0.64609375 0.159375 0.1671875
1 0.24375 0.72109375 0.1734375 0.18125
1 0.41171875 0.71875 0.14375 0.1171875