1 0.10703125 0.340625 0.2140625 0.1875
1 0.115625 0.5109375 0.228125 0.1953125
1 0.41484375 0.28125 0.246875 0.2359375
1 0.61328125 0.21171875 0.15625 0.1796875
1 0.83984375 0.2734375 0.26875 0.2078125
1 0.878125 0.62890625 0.21875 0.2140625
1 0.9125 0.45078125 0.165625 0.1734375
1 0.70625 0.52421875 0.2859375 0.2046875
1 0.65390625 0.7140625 0.18125 0.1328125
1 0.63515625 0.36015625 0.1203125 0.1234375
1 0.45625 0.471875 0.25625 0.1828125
1 0.27421875 0.546875 0.125 0.128125
1 0.13359375 0.69921875 0.178125 0.1859375
1 0.27734375 0.75390625 0.19375 0.2015625
1 0.44296875 0.72890625 0.15625 0.134375