1 0.17109375 0.1765625 0.1015625 0.103125
1 0.2984375 0.29140625 0.128125 0.1078125
1 0.4609375 0.24140625 0.1265625 0.121875
1 0.65390625 0.27578125 0.1109375 0.1140625
1 0.78671875 0.39140625 0.103125 0.140625
1 0.9453125 0.34921875 0.109375 0.1171875
1 0.91953125 0.5015625 0.11875 0.1046875
1 0.87890625 0.6375 0.1078125 0.1140625
1 0.74375 0.70859375 0.1140625 0.121875
1 0.86171875 0.81484375 0.1171875 0.1546875
1 0.57265625 0.76171875 0.1234375 0.1171875
1 0.6359375 0.5875 0.1234375 0.14375
1 0.59296875 0.43515625 0.1046875 0.11875
1 0.425 0.396875 0.1203125 0.11875
1 0.40234375 0.565625 0.1171875 0.146875
1 0.365625 0.7234375 0.1265625 0.121875
1 0.21953125 0.615625 0.103125 0.15
1 0.0984375 0.48828125 0.1234375 0.096875
1 0.12421875 0.3453125 0.1015625 0.121875
1 0.0578125 0.6734375 0.115625 0.1125