1 0.1109375 0.25234375 0.0859375 0.0875
1 0.259375 0.3375 0.1125 0.0859375
1 0.4078125 0.25546875 0.10703125 0.10234375
1 0.60390625 0.2484375 0.09296875 0.096875
1 0.7578125 0.334375 0.078125 0.1265625
1 0.915625 0.2578125 0.11640625 0.09453125
1 0.9109375 0.4140625 0.103125 0.08515625
1 0.89921875 0.55546875 0.08984375 0.096875
1 0.78203125 0.653125 0.09453125 0.1046875
1 0.91953125 0.7328125 0.08984375 0.1390625
1 0.62578125 0.740625 0.10625 0.096875
1 0.65078125 0.55703125 0.1 0.125
1 0.57734375 0.4171875 0.08515625 0.10390625
1 0.40546875 0.41484375 0.10234375 0.09921875
1 0.41796875 0.584375 0.09296875 0.1296875
1 0.41484375 0.746875 0.1078125 0.1015625
1 0.25 0.67109375 0.0765625 0.13671875
1 0.1046875 0.571875 0.109375 0.0765625
1 0.1 0.4265625 0.08125 0.10703125
1 0.09453125 0.7640625 0.11953125 0.08984375