1 0.11953125 0.2390625 0.0890625 0.090625
1 0.26484375 0.32890625 0.115625 0.0890625
1 0.41640625 0.25234375 0.1109375 0.10625
1 0.6125 0.25234375 0.096875 0.1
1 0.76328125 0.34375 0.0828125 0.1296875
1 0.9234375 0.27265625 0.1203125 0.0984375
1 0.9140625 0.428125 0.10625 0.0890625
1 0.896875 0.56953125 0.09375 0.1
1 0.7765625 0.6625 0.0984375 0.1078125
1 0.9109375 0.74765625 0.0953125 0.1421875
1 0.6171875 0.74453125 0.109375 0.1
1 0.6484375 0.5625 0.1046875 0.128125
1 0.58046875 0.4203125 0.0890625 0.10625
1 0.40859375 0.41171875 0.10625 0.103125
1 0.41484375 0.58125 0.096875 0.1328125
1 0.40625 0.74375 0.1109375 0.1046875
1 0.24453125 0.6625 0.08125 0.1390625
1 0.10234375 0.5578125 0.1125 0.0796875
1 0.103125 0.4125 0.084375 0.109375
1 0.0859375 0.75 0.121875 0.09375