1 0.18671875 0.2515625 0.1609375 0.109375
1 0.40546875 0.2625 0.109375 0.1125
1 0.5328125 0.3578125 0.11875 0.1046875
1 0.6421875 0.246875 0.1 0.0875
1 0.778125 0.37578125 0.1015625 0.0890625
1 0.87265625 0.26171875 0.121875 0.09375
1 0.9140625 0.44375 0.1046875 0.1078125
1 0.92578125 0.61015625 0.1125 0.1265625
1 0.89296875 0.7546875 0.1328125 0.109375
1 0.65625 0.75078125 0.125 0.1234375
1 0.684375 0.590625 0.1296875 0.14375
1 0.68828125 0.428125 0.1359375 0.109375
1 0.45 0.45703125 0.109375 0.1078125
1 0.30234375 0.38671875 0.125 0.1125
1 0.11015625 0.34609375 0.1296875 0.128125
1 0.1421875 0.53984375 0.1390625 0.1328125
1 0.33515625 0.55 0.1140625 0.1140625
1 0.44375 0.725 0.14375 0.1234375
1 0.26328125 0.70703125 0.1171875 0.13125
1 0.084375 0.7078125 0.1296875 0.125