1 0.178125 0.2625 0.1578125 0.10390625
1 0.396875 0.265625 0.10546875 0.109375
1 0.528125 0.35703125 0.11484375 0.10078125
1 0.63359375 0.2421875 0.096875 0.084375
1 0.7734375 0.36640625 0.0984375 0.0859375
1 0.8640625 0.24921875 0.11953125 0.08984375
1 0.91171875 0.4296875 0.10078125 0.1046875
1 0.9296875 0.5953125 0.10859375 0.12265625
1 0.9015625 0.740625 0.1296875 0.1046875
1 0.66484375 0.7453125 0.12109375 0.11875
1 0.6875 0.584375 0.125 0.1390625
1 0.6859375 0.421875 0.1328125 0.1046875
1 0.4484375 0.45859375 0.10546875 0.10390625
1 0.2984375 0.39375 0.12109375 0.1078125
1 0.1046875 0.36015625 0.12578125 0.12421875
1 0.14375 0.55234375 0.13515625 0.128125
1 0.33671875 0.55546875 0.11015625 0.11015625
1 0.4515625 0.7265625 0.1390625 0.11875
1 0.2703125 0.71484375 0.11328125 0.128125
1 0.0921875 0.721875 0.12578125 0.12109375