1 0.234375 0.20078125 0.1765625 0.134375
1 0.44765625 0.24921875 0.1265625 0.1296875
1 0.55703125 0.365625 0.1328125 0.121875
1 0.684375 0.27578125 0.1125 0.103125
1 0.7953125 0.4265625 0.1140625 0.1046875
1 0.90859375 0.33046875 0.1359375 0.1125
1 0.9171875 0.5171875 0.1203125 0.1234375
1 0.90078125 0.6828125 0.13125 0.1421875
1 0.84296875 0.81875 0.1484375 0.1296875
1 0.61015625 0.77421875 0.14375 0.140625
1 0.665625 0.621875 0.1515625 0.1625
1 0.6984375 0.4625 0.1515625 0.1296875
1 0.4578125 0.4484375 0.125 0.1234375
1 0.325 0.35390625 0.140625 0.13125
1 0.1421875 0.28125 0.1484375 0.146875
1 0.140625 0.47734375 0.159375 0.153125
1 0.32890625 0.5203125 0.13125 0.13125
1 0.40546875 0.71171875 0.1609375 0.1453125
1 0.23046875 0.6625 0.1375 0.1484375
1 0.0640625 0.63203125 0.128125 0.1453125