1 0.13828125 0.221875 0.08125 0.075
1 0.2796875 0.24140625 0.1078125 0.0796875
1 0.23046875 0.30234375 0.0796875 0.090625
1 0.121875 0.346875 0.0796875 0.078125
1 0.19296875 0.4421875 0.0828125 0.0875
1 0.10859375 0.5265625 0.1015625 0.10625
1 0.18046875 0.625 0.1046875 0.0921875
1 0.10390625 0.690625 0.1046875 0.0875
1 0.27265625 0.71953125 0.0953125 0.09375
1 0.2796875 0.55234375 0.084375 0.1
1 0.35859375 0.64296875 0.0765625 0.0765625
1 0.4609375 0.72421875 0.0921875 0.1265625
1 0.44609375 0.5671875 0.0859375 0.1125
1 0.309375 0.36484375 0.0828125 0.0734375
1 0.40234375 0.290625 0.09375 0.084375
1 0.4984375 0.2640625 0.0859375 0.10625
1 0.48125 0.39140625 0.1015625 0.1
1 0.58984375 0.33125 0.1078125 0.1015625
1 0.634375 0.55 0.08125 0.1109375
1 0.55703125 0.665625 0.08125 0.0953125
1 0.6453125 0.75390625 0.1 0.08125
1 0.746875 0.6640625 0.1 0.0890625
1 0.85859375 0.753125 0.0984375 0.1109375
1 0.88046875 0.59375 0.0859375 0.096875
1 0.75546875 0.51015625 0.1015625 0.103125
1 0.6765625 0.43046875 0.0796875 0.078125
1 0.77578125 0.35703125 0.109375 0.103125
1 0.7 0.26875 0.084375 0.0921875
1 0.890625 0.28984375 0.103125 0.0921875
1 0.89140625 0.4484375 0.103125 0.10625