1 0.0953125 0.2890625 0.0828125 0.078125
1 0.23828125 0.2828125 0.109375 0.0828125
1 0.2 0.35234375 0.08125 0.0921875
1 0.10078125 0.41484375 0.08125 0.0796875
1 0.1875 0.496875 0.0859375 0.0890625
1 0.11953125 0.59453125 0.1046875 0.109375
1 0.20703125 0.678125 0.10625 0.0953125
1 0.14296875 0.75703125 0.1078125 0.090625
1 0.3140625 0.75625 0.0984375 0.096875
1 0.2921875 0.58984375 0.0875 0.1015625
1 0.38515625 0.66484375 0.078125 0.078125
1 0.5 0.728125 0.096875 0.128125
1 0.45859375 0.57578125 0.0890625 0.115625
1 0.28828125 0.4 0.084375 0.0765625
1 0.36796875 0.31015625 0.096875 0.0875
1 0.4578125 0.26796875 0.0890625 0.1078125
1 0.4625 0.39609375 0.103125 0.103125
1 0.559375 0.31796875 0.1109375 0.1046875
1 0.640625 0.52578125 0.084375 0.1140625
1 0.58515625 0.653125 0.084375 0.0984375
1 0.68671875 0.725 0.103125 0.084375
1 0.771875 0.61796875 0.103125 0.0921875
1 0.896875 0.68671875 0.1015625 0.1140625
1 0.890625 0.5265625 0.0890625 0.1
1 0.753125 0.465625 0.1046875 0.10625
1 0.66171875 0.40078125 0.0828125 0.08125
1 0.746875 0.31171875 0.1125 0.1078125
1 0.65703125 0.2375 0.0875 0.09375
1 0.8484375 0.225 0.1046875 0.0953125
1 0.8765625 0.38125 0.10625 0.109375