1 0.11953125 0.24765625 0.07578125 0.0703125
1 0.2625 0.25703125 0.10234375 0.07265625
1 0.2171875 0.321875 0.0734375 0.08515625
1 0.11171875 0.3734375 0.07421875 0.07265625
1 0.18984375 0.4640625 0.07734375 0.08203125
1 0.11171875 0.55390625 0.09453125 0.1
1 0.18984375 0.646875 0.0984375 0.0859375
1 0.11796875 0.71796875 0.1 0.08125
1 0.28828125 0.73515625 0.08984375 0.08828125
1 0.28359375 0.56796875 0.07734375 0.09453125
1 0.36875 0.65234375 0.07109375 0.07109375
1 0.4765625 0.7265625 0.084375 0.1203125
1 0.45078125 0.57109375 0.078125 0.1078125
1 0.3 0.378125 0.078125 0.06875
1 0.38828125 0.29765625 0.0890625 0.078125
1 0.48203125 0.26484375 0.07890625 0.10078125
1 0.4734375 0.39296875 0.09453125 0.09375
1 0.578125 0.325 0.10078125 0.0953125
1 0.6375 0.540625 0.0734375 0.10625
1 0.56875 0.6609375 0.075 0.090625
1 0.6625 0.74296875 0.0953125 0.07421875
1 0.7578125 0.64609375 0.09453125 0.0828125
1 0.875 0.72734375 0.090625 0.1046875
1 0.8859375 0.5671875 0.08046875 0.0921875
1 0.75546875 0.4921875 0.09453125 0.096875
1 0.67109375 0.41796875 0.075 0.0734375
1 0.76484375 0.33828125 0.10234375 0.096875
1 0.68359375 0.25546875 0.07890625 0.08671875
1 0.875 0.26328125 0.096875 0.08515625
1 0.88671875 0.42109375 0.096875 0.1