1 0.18125 0.35625 0.1078125 0.0921875
1 0.3234375 0.32265625 0.1234375 0.09375
1 0.4625 0.315625 0.1234375 0.0984375
1 0.6015625 0.28828125 0.1296875 0.0984375
1 0.78046875 0.26796875 0.0953125 0.0921875
1 0.83203125 0.35859375 0.1125 0.1109375
1 0.68203125 0.38203125 0.090625 0.08125
1 0.5109375 0.40546875 0.1484375 0.1125
1 0.35 0.43046875 0.09375 0.0796875
1 0.20625 0.45390625 0.14375 0.0875
1 0.15703125 0.59375 0.11875 0.109375
1 0.3203125 0.57109375 0.1515625 0.109375
1 0.50390625 0.56328125 0.103125 0.0953125
1 0.7015625 0.5328125 0.1546875 0.1203125
1 0.85546875 0.471875 0.11875 0.0984375
1 0.909375 0.60234375 0.1125 0.13125
1 0.709375 0.64453125 0.109375 0.0953125
1 0.5078125 0.6859375 0.0953125 0.0984375
1 0.3453125 0.7140625 0.171875 0.115625
1 0.18125 0.72734375 0.115625 0.11875