1 0.2078125 0.3078125 0.096875 0.078125
1 0.353125 0.296875 0.11328125 0.07734375
1 0.4921875 0.31171875 0.1125 0.08125
1 0.63359375 0.30703125 0.11796875 0.08125
1 0.81328125 0.31484375 0.084375 0.0796875
1 0.85 0.4125 0.09921875 0.09609375
1 0.6984375 0.41171875 0.08046875 0.06875
1 0.52578125 0.40859375 0.13515625 0.0921875
1 0.3625 0.4078125 0.08515625 0.06640625
1 0.2171875 0.40859375 0.13515625 0.0671875
1 0.146875 0.5390625 0.10546875 0.09453125
1 0.31171875 0.5421875 0.13984375 0.08828125
1 0.49375 0.56328125 0.09140625 0.08125
1 0.69375 0.5640625 0.14140625 0.09921875
1 0.85546875 0.528125 0.10703125 0.08203125
1 0.88828125 0.66484375 0.09609375 0.1171875
1 0.684375 0.67578125 0.0984375 0.08046875
1 0.47890625 0.68515625 0.0828125 0.08671875
1 0.3140625 0.6875 0.159375 0.09140625
1 0.14921875 0.675 0.10078125 0.10390625