1 0.1765625 0.3671875 0.109375 0.0953125
1 0.3171875 0.32890625 0.1265625 0.096875
1 0.45625 0.31640625 0.1265625 0.1015625
1 0.59453125 0.28515625 0.13125 0.1015625
1 0.771875 0.25859375 0.0984375 0.09375
1 0.8265625 0.34765625 0.115625 0.1125
1 0.678125 0.37578125 0.0921875 0.0828125
1 0.5078125 0.40546875 0.15 0.115625
1 0.34765625 0.4359375 0.096875 0.08125
1 0.2046875 0.4640625 0.1453125 0.0921875
1 0.1609375 0.60546875 0.121875 0.1125
1 0.3234375 0.57734375 0.1546875 0.1140625
1 0.50625 0.56328125 0.1046875 0.096875
1 0.70234375 0.52578125 0.1578125 0.125
1 0.8546875 0.46015625 0.1203125 0.1015625
1 0.9125 0.5875 0.1171875 0.1328125
1 0.71484375 0.6375 0.1125 0.0984375
1 0.51484375 0.6859375 0.0984375 0.1015625
1 0.353125 0.71953125 0.1734375 0.1203125
1 0.1890625 0.7390625 0.11875 0.121875