1 0.096875 0.33046875 0.0921875 0.103125
1 0.27890625 0.27890625 0.1421875 0.1359375
1 0.4796875 0.23984375 0.1 0.1046875
1 0.6609375 0.21328125 0.1078125 0.0875
1 0.8453125 0.16796875 0.1125 0.0921875
1 0.79765625 0.303125 0.121875 0.1046875
1 0.8765625 0.4015625 0.125 0.1046875
1 0.8453125 0.52890625 0.0890625 0.0796875
1 0.9265625 0.646875 0.1359375 0.1
1 0.75546875 0.70703125 0.134375 0.121875
1 0.67421875 0.59453125 0.128125 0.11875
1 0.70625 0.44921875 0.1171875 0.1171875
1 0.63359375 0.35703125 0.0890625 0.0984375
1 0.47265625 0.378125 0.1328125 0.1375
1 0.53203125 0.4953125 0.10625 0.09375
1 0.49140625 0.65859375 0.096875 0.1078125
1 0.575 0.73828125 0.121875 0.10625
1 0.38671875 0.8015625 0.0921875 0.0796875
1 0.3125 0.69140625 0.125 0.0953125
1 0.33828125 0.53125 0.1015625 0.0921875
1 0.25859375 0.41875 0.0953125 0.0984375
1 0.078125 0.45 0.1234375 0.109375
1 0.14921875 0.57109375 0.1234375 0.1375
1 0.11875 0.70703125 0.096875 0.096875
1 0.20859375 0.834375 0.1328125 0.134375