1 0.1453125 0.24375 0.075 0.08828125
1 0.334375 0.23515625 0.1203125 0.1125
1 0.5390625 0.2421875 0.08203125 0.08828125
1 0.72109375 0.25703125 0.0953125 0.0671875
1 0.9109375 0.25390625 0.09921875 0.07109375
1 0.834375 0.375 0.10625 0.08359375
1 0.8890625 0.4890625 0.10859375 0.0828125
1 0.8296875 0.60546875 0.07578125 0.06484375
1 0.8828125 0.7390625 0.12265625 0.07421875
1 0.70234375 0.759375 0.115625 0.0984375
1 0.6484375 0.63125 0.109375 0.096875
1 0.7125 0.496875 0.0984375 0.09765625
1 0.6625 0.390625 0.071875 0.08515625
1 0.50078125 0.375 0.11015625 0.11640625
1 0.53203125 0.50234375 0.09140625 0.075
1 0.45625 0.65234375 0.07890625 0.0921875
1 0.51953125 0.74921875 0.10546875 0.08515625
1 0.321875 0.76875 0.08046875 0.0625
1 0.27421875 0.64453125 0.1109375 0.07265625
1 0.33515625 0.49375 0.08671875 0.07421875
1 0.2828125 0.36640625 0.07890625 0.08203125
1 0.1 0.35625 0.10703125 0.0875
1 0.1421875 0.490625 0.1 0.11796875
1 0.08203125 0.615625 0.08125 0.08125
1 0.140625 0.76015625 0.1109375 0.11171875