1 0.11640625 0.2890625 0.0859375 0.096875
1 0.303125 0.25703125 0.1328125 0.1265625
1 0.50703125 0.2390625 0.0921875 0.096875
1 0.68984375 0.23203125 0.103125 0.078125
1 0.878125 0.20546875 0.1078125 0.0828125
1 0.81640625 0.33515625 0.115625 0.0953125
1 0.88515625 0.44140625 0.1171875 0.0953125
1 0.83984375 0.56484375 0.0828125 0.0734375
1 0.909375 0.690625 0.13125 0.0890625
1 0.7328125 0.7328125 0.1265625 0.1125
1 0.66328125 0.6125 0.1203125 0.109375
1 0.71015625 0.47109375 0.109375 0.109375
1 0.64765625 0.371875 0.08125 0.09375
1 0.48515625 0.37578125 0.1234375 0.1296875
1 0.53203125 0.4984375 0.1 0.0859375
1 0.475 0.65625 0.0890625 0.1015625
1 0.55 0.7453125 0.115625 0.096875
1 0.35625 0.78828125 0.0875 0.071875
1 0.29375 0.67109375 0.11875 0.0859375
1 0.3359375 0.5140625 0.0953125 0.084375
1 0.26796875 0.39375 0.0890625 0.090625
1 0.08515625 0.40625 0.1171875 0.1
1 0.14375 0.534375 0.1140625 0.1296875
1 0.09921875 0.665625 0.090625 0.090625
1 0.175 0.80234375 0.1234375 0.125