1 0.15546875 0.2546875 0.1125 0.10546875
1 0.303125 0.25703125 0.0921875 0.0734375
1 0.478125 0.2484375 0.11640625 0.059375
1 0.69140625 0.27421875 0.1328125 0.11953125
1 0.8625 0.27265625 0.05859375 0.0578125
1 0.61953125 0.3484375 0.0828125 0.06953125
1 0.4625 0.35546875 0.1046875 0.0859375
1 0.31015625 0.36875 0.0640625 0.07890625
1 0.140625 0.3984375 0.1078125 0.0796875
1 0.15078125 0.5265625 0.13828125 0.08984375
1 0.1171875 0.64921875 0.10625 0.0984375
1 0.19296875 0.753125 0.13203125 0.0859375
1 0.284375 0.6171875 0.12421875 0.08359375
1 0.3421875 0.49921875 0.1140625 0.1109375
1 0.546875 0.46875 0.115625 0.109375
1 0.6765625 0.48359375 0.078125 0.134375
1 0.79921875 0.4 0.08125 0.08359375
1 0.88828125 0.53046875 0.09921875 0.09765625
1 0.78828125 0.59140625 0.10390625 0.05703125
1 0.875 0.7140625 0.1421875 0.0734375
1 0.7203125 0.74296875 0.06953125 0.065625
1 0.6375 0.62890625 0.0875 0.1078125
1 0.45546875 0.60859375 0.0875 0.059375
1 0.4078125 0.72578125 0.096875 0.13046875
1 0.56328125 0.7265625 0.11875 0.0734375