1 0.125 0.3046875 0.1265625 0.1203125
1 0.27109375 0.28671875 0.1015625 0.0859375
1 0.44296875 0.25390625 0.1234375 0.075
1 0.6578125 0.25 0.1484375 0.1375
1 0.82734375 0.22421875 0.065625 0.065625
1 0.59765625 0.33359375 0.0921875 0.0796875
1 0.44296875 0.36171875 0.115625 0.1
1 0.29375 0.39609375 0.075 0.0875
1 0.1296875 0.44921875 0.1171875 0.09375
1 0.1578125 0.575 0.15 0.1078125
1 0.14140625 0.70078125 0.11875 0.1125
1 0.23125 0.79375 0.1421875 0.103125
1 0.303125 0.64609375 0.134375 0.1
1 0.34375 0.52109375 0.128125 0.125
1 0.5421875 0.4625 0.1296875 0.125
1 0.67265625 0.459375 0.0953125 0.14375
1 0.78203125 0.359375 0.0921875 0.09375
1 0.8890625 0.47578125 0.1125 0.1109375
1 0.7984375 0.55078125 0.1109375 0.0703125
1 0.90078125 0.66015625 0.1515625 0.0921875
1 0.75234375 0.71015625 0.078125 0.075
1 0.65390625 0.60859375 0.1015625 0.11875
1 0.47109375 0.6140625 0.0953125 0.0703125
1 0.43984375 0.73671875 0.1140625 0.1421875
1 0.59453125 0.715625 0.128125 0.0890625