1 0.13203125 0.2921875 0.1234375 0.1171875
1 0.27890625 0.27890625 0.1 0.0828125
1 0.4515625 0.25234375 0.121875 0.071875
1 0.66640625 0.25546875 0.1453125 0.1328125
1 0.83671875 0.2359375 0.0640625 0.0640625
1 0.603125 0.33671875 0.0890625 0.078125
1 0.44765625 0.36015625 0.1125 0.096875
1 0.29765625 0.3890625 0.071875 0.0859375
1 0.13203125 0.43671875 0.115625 0.090625
1 0.15546875 0.56328125 0.146875 0.103125
1 0.13515625 0.68828125 0.115625 0.109375
1 0.22109375 0.78359375 0.140625 0.1
1 0.29765625 0.6390625 0.1328125 0.096875
1 0.34296875 0.515625 0.125 0.121875
1 0.54296875 0.4640625 0.1265625 0.1203125
1 0.67421875 0.46484375 0.0921875 0.1421875
1 0.7875 0.36953125 0.0890625 0.0921875
1 0.8890625 0.48984375 0.109375 0.1078125
1 0.79609375 0.5609375 0.109375 0.0671875
1 0.8953125 0.6734375 0.1484375 0.0875
1 0.74453125 0.71875 0.0765625 0.071875
1 0.65 0.6140625 0.0984375 0.115625
1 0.4671875 0.6125 0.09375 0.06875
1 0.43203125 0.734375 0.109375 0.140625
1 0.58671875 0.71875 0.125 0.0859375