1 0.1640625 0.22734375 0.153125 0.125
1 0.35546875 0.2765625 0.1390625 0.1640625
1 0.56796875 0.3046875 0.13125 0.13125
1 0.7484375 0.35078125 0.1328125 0.153125
1 0.9421875 0.37890625 0.115625 0.1296875
1 0.9078125 0.6734375 0.128125 0.1859375
1 0.76015625 0.796875 0.140625 0.1796875
1 0.6828125 0.6234375 0.171875 0.1671875
1 0.5953125 0.77421875 0.1484375 0.109375
1 0.47265625 0.5921875 0.146875 0.1484375
1 0.290625 0.55625 0.2 0.19375
1 0.2125 0.353125 0.1453125 0.1234375
1 0.08984375 0.50546875 0.1796875 0.1484375
1 0.38984375 0.7125 0.13125 0.1203125
1 0.11640625 0.671875 0.1703125 0.16875