1 0.11484375 0.303125 0.13515625 0.0984375
1 0.3125 0.31171875 0.1109375 0.14375
1 0.52578125 0.29453125 0.11015625 0.11015625
1 0.71171875 0.30234375 0.10703125 0.13359375
1 0.909375 0.2890625 0.096875 0.11171875
1 0.93515625 0.58515625 0.0953125 0.1703125
1 0.81640625 0.7359375 0.11015625 0.1609375
1 0.7046875 0.5828125 0.14609375 0.13984375
1 0.65 0.7484375 0.134375 0.08359375
1 0.4921875 0.59609375 0.1234375 0.12578125
1 0.30703125 0.5984375 0.1703125 0.16171875
1 0.18828125 0.41640625 0.12734375 0.0984375
1 0.09765625 0.59140625 0.165625 0.11640625
1 0.43671875 0.73046875 0.1125 0.0984375
1 0.16015625 0.74765625 0.14375 0.14140625