1 0.121875 0.28984375 0.1390625 0.103125
1 0.31953125 0.30546875 0.115625 0.146875
1 0.5328125 0.2953125 0.1140625 0.1140625
1 0.71875 0.31015625 0.1109375 0.1375
1 0.91640625 0.303125 0.1 0.115625
1 0.93203125 0.6 0.1015625 0.1734375
1 0.8078125 0.746875 0.115625 0.1640625
1 0.7015625 0.58984375 0.1515625 0.1453125
1 0.64140625 0.75390625 0.1375 0.0875
1 0.4890625 0.59609375 0.128125 0.1296875
1 0.30390625 0.59140625 0.1765625 0.1671875
1 0.19140625 0.40546875 0.13125 0.103125
1 0.09453125 0.57734375 0.1703125 0.121875
1 0.42890625 0.728125 0.115625 0.1015625
1 0.1515625 0.7359375 0.1484375 0.146875