1 0.29765625 0.303125 0.1125 0.128125
1 0.21015625 0.46953125 0.1390625 0.1578125
1 0.3078125 0.59140625 0.11875 0.14375
1 0.38125 0.7015625 0.1546875 0.1296875
1 0.5625 0.6859375 0.1640625 0.1734375
1 0.73125 0.5984375 0.1375 0.1546875
1 0.78359375 0.40625 0.1296875 0.1515625
1 0.6671875 0.30390625 0.1234375 0.146875
1 0.66875 0.4453125 0.11875 0.1421875
1 0.6109375 0.54609375 0.13125 0.1125
1 0.45859375 0.54765625 0.1125 0.1203125
1 0.453125 0.42265625 0.1234375 0.140625
1 0.4234375 0.30859375 0.1171875 0.1171875
1 0.54609375 0.28515625 0.103125 0.0953125
1 0.3359375 0.43984375 0.125 0.1515625