1 0.33125 0.27421875 0.09609375 0.11484375
1 0.21875 0.425 0.11875 0.140625
1 0.29609375 0.56015625 0.09921875 0.13046875
1 0.3515625 0.68046875 0.13984375 0.109375
1 0.5328125 0.69375 0.14140625 0.15390625
1 0.71328125 0.63359375 0.1171875 0.1375
1 0.79453125 0.4515625 0.109375 0.13671875
1 0.69609375 0.3328125 0.10390625 0.13203125
1 0.675 0.47265625 0.1 0.128125
1 0.60234375 0.5625 0.1171875 0.09609375
1 0.4515625 0.540625 0.096875 0.10703125
1 0.465625 0.41640625 0.10546875 0.125
1 0.45390625 0.29921875 0.10234375 0.103125
1 0.57890625 0.2953125 0.0921875 0.08125
1 0.34765625 0.41484375 0.10546875 0.1375