1 0.29453125 0.30703125 0.1140625 0.1296875
1 0.21015625 0.475 0.140625 0.159375
1 0.309375 0.59453125 0.1203125 0.1453125
1 0.38515625 0.703125 0.15625 0.13125
1 0.565625 0.68515625 0.165625 0.1765625
1 0.73359375 0.59453125 0.1390625 0.15625
1 0.78203125 0.40078125 0.13125 0.153125
1 0.6640625 0.3015625 0.125 0.1484375
1 0.66796875 0.44296875 0.1203125 0.14375
1 0.61171875 0.54375 0.1328125 0.115625
1 0.459375 0.5484375 0.1140625 0.121875
1 0.4515625 0.4234375 0.125 0.1421875
1 0.41953125 0.31015625 0.11875 0.11875
1 0.5421875 0.284375 0.1046875 0.0953125
1 0.33515625 0.44296875 0.128125 0.153125