1 0.28984375 0.2734375 0.11484375 0.059375
1 0.44921875 0.3015625 0.21953125 0.0875
1 0.621875 0.3328125 0.10546875 0.15234375
1 0.7234375 0.3453125 0.15703125 0.171875
1 0.79296875 0.609375 0.21953125 0.15703125
1 0.67265625 0.62578125 0.1328125 0.17265625
1 0.503125 0.65859375 0.184375 0.20546875
1 0.21328125 0.71171875 0.1875 0.21953125
1 0.2140625 0.5265625 0.12265625 0.1734375
1 0.2828125 0.39921875 0.11875 0.078125
1 0.2765625 0.33203125 0.1296875 0.06796875
1 0.54296875 0.51640625 0.040625 0.0484375
1 0.48046875 0.4984375 0.04765625 0.0390625
1 0.5078125 0.5421875 0.02890625 0.04765625
1 0.48203125 0.54765625 0.0359375 0.03125
1 0.45078125 0.53203125 0.03671875 0.03359375
1 0.43828125 0.5078125 0.04296875 0.025
1 0.3859375 0.534375 0.12421875 0.06640625
1 0.40546875 0.48046875 0.13046875 0.0484375
1 0.434375 0.43125 0.12109375 0.0640625
1 0.33671875 0.43125 0.0875 0.05546875
1 0.38203125 0.6390625 0.2265625 0.12890625
1 0.2984375 0.51875 0.078125 0.11328125
1 0.5380258171875 0.340643209375 0.44410855624999995 0.33211675625 0.35718928125 0.3585983640625 0.3408097359375 0.3951571375 0.4532404578125 0.39317781875 0.521465071875 0.46845153906250003 0.561919315625 0.41777070624999996 0.5380258171875 0.340643209375