1 0.2640625 0.30078125 0.121875 0.0734375
1 0.42578125 0.309375 0.228125 0.1140625
1 0.60078125 0.31953125 0.1234375 0.1640625
1 0.703125 0.31953125 0.1765625 0.1890625
1 0.80390625 0.57265625 0.2375 0.1828125
1 0.68671875 0.60390625 0.153125 0.1875
1 0.52265625 0.65703125 0.2078125 0.2265625
1 0.24140625 0.7453125 0.2125 0.240625
1 0.21953125 0.5609375 0.1421875 0.1875
1 0.271875 0.4265625 0.128125 0.0921875
1 0.2578125 0.36015625 0.1375 0.0828125
1 0.54453125 0.5109375 0.046875 0.053125
1 0.48046875 0.50078125 0.0515625 0.0453125
1 0.51328125 0.540625 0.034375 0.0515625
1 0.48828125 0.54921875 0.0390625 0.0359375
1 0.4546875 0.5375 0.040625 0.0375
1 0.43984375 0.515625 0.0453125 0.0296875
1 0.390625 0.54765625 0.13125 0.08125
1 0.40390625 0.4921875 0.1359375 0.0640625
1 0.4265625 0.43984375 0.128125 0.078125
1 0.3296875 0.4515625 0.09375 0.065625
1 0.4 0.65234375 0.240625 0.15625
1 0.30234375 0.54296875 0.090625 0.121875
1 0.341021246875 0.3770565984375 0.3292191859375 0.4153390328125 0.440570646875 0.399672609375 0.517460284375 0.46607076249999996 0.5514365484375 0.4108375640625 0.5183216703125 0.33719685 0.42406534218749997 0.3401795859375 0.341021246875 0.3770565984375