1 0.23828125 0.3359375 0.1265625 0.0875
1 0.39921875 0.32109375 0.234375 0.140625
1 0.57421875 0.30703125 0.140625 0.175
1 0.67578125 0.29296875 0.196875 0.20625
1 0.8109375 0.5296875 0.253125 0.2078125
1 0.69921875 0.5765625 0.1734375 0.2015625
1 0.54375 0.65234375 0.23125 0.246875
1 0.278125 0.77890625 0.2375 0.2609375
1 0.23046875 0.6 0.1640625 0.2
1 0.2640625 0.45859375 0.134375 0.10625
1 0.240625 0.3953125 0.1421875 0.0984375
1 0.54609375 0.5046875 0.0515625 0.0578125
1 0.48046875 0.50390625 0.05625 0.05
1 0.51875 0.5390625 0.040625 0.053125
1 0.4953125 0.55078125 0.0421875 0.0390625
1 0.4609375 0.54375 0.04375 0.0421875
1 0.4421875 0.5234375 0.0484375 0.0359375
1 0.3984375 0.5625 0.1375 0.096875
1 0.40390625 0.50546875 0.1390625 0.08125
1 0.41875 0.45078125 0.1328125 0.09375
1 0.32421875 0.47578125 0.0984375 0.0765625
1 0.421875 0.66484375 0.2515625 0.1828125
1 0.31015625 0.5703125 0.1046875 0.1296875
1 0.32545800156250004 0.40037864218749997 0.3190986828125 0.43993104375 0.42718613593750004 0.40891995625 0.5125683249999999 0.46397095781250003 0.5385269593750001 0.404546703125 0.495485546875 0.3362313546875 0.40256162968750003 0.35230300937500003 0.32545800156250004 0.40037864218749997