1 0.24453125 0.240625 0.1 0.059375
1 0.42890625 0.25625 0.040625 0.034375
1 0.7171875 0.2609375 0.0875 0.0703125
1 0.76640625 0.32890625 0.09375 0.078125
1 0.71796875 0.40546875 0.0953125 0.06875
1 0.78984375 0.44609375 0.0734375 0.053125
1 0.81171875 0.53203125 0.071875 0.071875
1 0.7953125 0.60625 0.090625 0.0625
1 0.8078125 0.68359375 0.08125 0.08125
1 0.70546875 0.67734375 0.084375 0.059375
1 0.68203125 0.5953125 0.06875 0.090625
1 0.73125 0.54453125 0.078125 0.0734375
1 0.7015625 0.4796875 0.06875 0.0734375
1 0.59140625 0.36875 0.0890625 0.065625
1 0.6390625 0.428125 0.0640625 0.034375
1 0.5734375 0.459375 0.059375 0.046875
1 0.63046875 0.51328125 0.075 0.06875
1 0.5875 0.5765625 0.0625 0.0625
1 0.59921875 0.66484375 0.071875 0.084375
1 0.5171875 0.67421875 0.065625 0.0625
1 0.5328125 0.51484375 0.059375 0.0734375
1 0.50234375 0.60703125 0.065625 0.053125
1 0.47421875 0.5484375 0.053125 0.05625
1 0.471875 0.48046875 0.059375 0.0625
1 0.4484375 0.4421875 0.028125 0.0234375
1 0.4953125 0.4421875 0.04375 0.034375
1 0.4203125 0.4171875 0.025 0.0296875
1 0.42421875 0.38984375 0.025 0.025
1 0.46015625 0.40859375 0.028125 0.028125
1 0.47578125 0.38515625 0.0234375 0.0296875
1 0.51953125 0.3921875 0.0296875 0.028125
1 0.52265625 0.35546875 0.0375 0.040625
1 0.48515625 0.3328125 0.0359375 0.0390625
1 0.43984375 0.35859375 0.0421875 0.040625
1 0.38515625 0.34375 0.0375 0.040625
1 0.38671875 0.38515625 0.0265625 0.028125
1 0.38984375 0.4171875 0.0296875 0.03125
1 0.38203125 0.46953125 0.0671875 0.065625
1 0.3828125 0.53828125 0.0625 0.046875
1 0.4203125 0.58671875 0.05625 0.0625
1 0.4484375 0.67890625 0.0578125 0.0765625
1 0.365625 0.675 0.053125 0.075
1 0.34921875 0.59453125 0.0640625 0.059375
1 0.28984375 0.621875 0.05625 0.046875
1 0.26484375 0.68359375 0.075 0.0734375
1 0.175 0.67890625 0.0734375 0.0640625
1 0.16796875 0.62265625 0.06875 0.06875
1 0.17578125 0.56328125 0.06875 0.0515625
1 0.24765625 0.5828125 0.059375 0.0671875
1 0.2625 0.5046875 0.059375 0.0421875
1 0.31640625 0.5390625 0.0546875 0.046875
1 0.19140625 0.50234375 0.065625 0.046875
1 0.18671875 0.44609375 0.05625 0.046875
1 0.303125 0.47734375 0.053125 0.0515625
1 0.2828125 0.41640625 0.0828125 0.0734375
1 0.22578125 0.38046875 0.09375 0.065625
1 0.23125 0.31484375 0.0875 0.05625
1 0.32109375 0.3546875 0.0921875 0.06875
1 0.32578125 0.29609375 0.0953125 0.046875
1 0.3578125 0.2546875 0.090625 0.05625
1 0.51328125 0.25078125 0.034375 0.03125
1 0.5671875 0.259375 0.028125 0.0328125
1 0.56171875 0.303125 0.034375 0.0265625
1 0.52265625 0.3171875 0.034375 0.028125
1 0.47109375 0.26953125 0.021875 0.0390625
1 0.49375 0.29765625 0.0421875 0.040625
1 0.528125 0.28125 0.0375 0.03125
1 0.41171875 0.29375 0.034375 0.0375
1 0.45078125 0.30703125 0.0375 0.0296875
1 0.43515625 0.328125 0.05 0.021875