1 0.203125 0.2890625 0.109375 0.075
1 0.3875 0.27265625 0.0453125 0.040625
1 0.67265625 0.2265625 0.096875 0.084375
1 0.7328125 0.28515625 0.10625 0.09375
1 0.6984375 0.36875 0.10625 0.084375
1 0.77578125 0.396875 0.08125 0.065625
1 0.8125 0.47734375 0.084375 0.084375
1 0.809375 0.553125 0.1015625 0.078125
1 0.83515625 0.62734375 0.09375 0.0953125
1 0.7328125 0.6390625 0.09375 0.0734375
1 0.69609375 0.5625 0.084375 0.1
1 0.73515625 0.50390625 0.0890625 0.0859375
1 0.6953125 0.4453125 0.08125 0.084375
1 0.5671875 0.3546875 0.0984375 0.0796875
1 0.62421875 0.4046875 0.06875 0.0453125
1 0.565625 0.446875 0.0671875 0.05625
1 0.63046875 0.490625 0.0859375 0.08125
1 0.59921875 0.56015625 0.0734375 0.071875
1 0.6265625 0.6453125 0.084375 0.0953125
1 0.546875 0.66875 0.0765625 0.0734375
1 0.53515625 0.50859375 0.071875 0.0828125
1 0.52109375 0.6046875 0.075 0.0640625
1 0.4828125 0.55234375 0.0625 0.065625
1 0.46875 0.4859375 0.06875 0.071875
1 0.4390625 0.45234375 0.03125 0.028125
1 0.48515625 0.44375 0.0484375 0.040625
1 0.40703125 0.43203125 0.03125 0.034375
1 0.40625 0.4046875 0.028125 0.0296875
1 0.44453125 0.4171875 0.0328125 0.0328125
1 0.45625 0.39140625 0.028125 0.0328125
1 0.50078125 0.390625 0.034375 0.0328125
1 0.496875 0.35390625 0.04375 0.046875
1 0.45625 0.33828125 0.0421875 0.0453125
1 0.41640625 0.37109375 0.0484375 0.046875
1 0.36015625 0.36640625 0.0453125 0.046875
1 0.36875 0.40625 0.03125 0.0328125
1 0.37734375 0.4375 0.034375 0.0359375
1 0.37890625 0.490625 0.078125 0.0765625
1 0.39140625 0.5578125 0.0703125 0.05625
1 0.43671875 0.59921875 0.065625 0.071875
1 0.48046875 0.68515625 0.0703125 0.0859375
1 0.3984375 0.6953125 0.0640625 0.084375
1 0.36796875 0.61953125 0.0734375 0.06875
1 0.3140625 0.65625 0.0640625 0.0546875
1 0.3 0.721875 0.0859375 0.0859375
1 0.2109375 0.7328125 0.0828125 0.0765625
1 0.19453125 0.678125 0.0796875 0.0796875
1 0.19140625 0.61875 0.0765625 0.0625
1 0.265625 0.625 0.0703125 0.0765625
1 0.2671875 0.54609375 0.065625 0.0515625
1 0.32578125 0.5703125 0.0625 0.0546875
1 0.196875 0.55625 0.071875 0.05625
1 0.18203125 0.5015625 0.0640625 0.05625
1 0.30234375 0.51171875 0.0625 0.059375
1 0.271875 0.45546875 0.09375 0.0859375
1 0.209375 0.4296875 0.1046875 0.0796875
1 0.203125 0.3640625 0.0953125 0.071875
1 0.2984375 0.38828125 0.103125 0.084375
1 0.29296875 0.3296875 0.1015625 0.0625
1 0.3171875 0.2828125 0.0984375 0.0703125
1 0.46953125 0.25234375 0.0390625 0.0359375
1 0.52421875 0.2515625 0.0328125 0.0375
1 0.5265625 0.2953125 0.0390625 0.0328125
1 0.490625 0.31640625 0.0390625 0.034375
1 0.43125 0.278125 0.028125 0.0421875
1 0.45859375 0.3015625 0.0484375 0.046875
1 0.48984375 0.2796875 0.0421875 0.0359375
1 0.37734375 0.3125 0.0390625 0.0421875
1 0.41796875 0.31875 0.0421875 0.0359375
1 0.40625 0.3421875 0.053125 0.0296875