1 0.17109375 0.35078125 0.146875 0.09296875
1 0.159375 0.4953125 0.10625 0.14140625
1 0.17109375 0.671875 0.14140625 0.11875
1 0.3265625 0.6609375 0.13984375 0.1265625
1 0.309375 0.5125 0.14375 0.13671875
1 0.32265625 0.35234375 0.11171875 0.1171875
1 0.47890625 0.3140625 0.1328125 0.1453125
1 0.4640625 0.5 0.140625 0.1125
1 0.4875 0.65703125 0.13828125 0.1265625
1 0.6640625 0.65546875 0.1484375 0.14375
1 0.8296875 0.65859375 0.11015625 0.13828125
1 0.84453125 0.50234375 0.11171875 0.1421875
1 0.69921875 0.490625 0.11875 0.1484375
1 0.6375 0.31953125 0.13828125 0.12578125
1 0.8140625 0.35703125 0.1234375 0.13515625