1 0.16640625 0.3625 0.15 0.0984375
1 0.159375 0.50703125 0.1109375 0.1453125
1 0.17734375 0.68359375 0.1453125 0.1234375
1 0.33203125 0.6671875 0.14375 0.13125
1 0.31015625 0.51953125 0.1484375 0.1421875
1 0.31796875 0.35859375 0.115625 0.1203125
1 0.47265625 0.31484375 0.1375 0.15
1 0.4640625 0.5015625 0.14375 0.1171875
1 0.49296875 0.65703125 0.1421875 0.13125
1 0.66953125 0.65 0.153125 0.1484375
1 0.83515625 0.646875 0.115625 0.1421875
1 0.84453125 0.490625 0.1171875 0.1453125
1 0.6984375 0.48359375 0.1234375 0.153125
1 0.63125 0.31484375 0.1421875 0.13125
1 0.80859375 0.34609375 0.128125 0.1390625