1 0.14609375 0.42890625 0.1640625 0.1234375
1 0.1671875 0.571875 0.1359375 0.1609375
1 0.21796875 0.74140625 0.1640625 0.146875
1 0.3671875 0.69609375 0.1640625 0.1546875
1 0.3171875 0.5546875 0.1703125 0.165625
1 0.29375 0.39609375 0.1359375 0.1390625
1 0.4375 0.3234375 0.1625 0.171875
1 0.46484375 0.5078125 0.1625 0.140625
1 0.5234375 0.65546875 0.1625 0.1546875
1 0.69453125 0.61484375 0.1765625 0.1734375
1 0.85703125 0.58046875 0.1390625 0.159375
1 0.8359375 0.425 0.140625 0.1640625
1 0.6921875 0.44609375 0.1484375 0.171875
1 0.59375 0.29296875 0.1625 0.153125
1 0.77421875 0.28984375 0.15 0.159375