1 0.2125 0.24375 0.0953125 0.125
1 0.21953125 0.35703125 0.103125 0.1375
1 0.20078125 0.47265625 0.0921875 0.071875
1 0.18671875 0.571875 0.09375 0.08125
1 0.20625 0.66640625 0.1078125 0.075
1 0.1921875 0.74140625 0.0984375 0.0609375
1 0.1828125 0.8375 0.075 0.0984375
1 0.2734375 0.8390625 0.078125 0.078125
1 0.265625 0.7640625 0.0890625 0.0703125
1 0.34609375 0.734375 0.0875 0.0640625
1 0.415625 0.7328125 0.046875 0.0796875
1 0.3515625 0.81796875 0.0921875 0.1015625
1 0.4359375 0.83203125 0.0625 0.0625
1 0.45859375 0.76640625 0.065625 0.06875
1 0.3078125 0.6375 0.090625 0.0828125
1 0.27109375 0.51328125 0.0796875 0.090625
1 0.35234375 0.51875 0.1 0.1609375
1 0.309375 0.38125 0.090625 0.1484375
1 0.3078125 0.23359375 0.115625 0.1484375
1 0.38359375 0.3765625 0.090625 0.0984375
1 0.459375 0.3453125 0.08125 0.0875
1 0.46484375 0.44296875 0.1125 0.0875
1 0.45625 0.5234375 0.0578125 0.0671875
1 0.415625 0.56171875 0.0546875 0.08125
1 0.421875 0.64609375 0.0671875 0.071875
1 0.52890625 0.67734375 0.08125 0.0734375
1 0.7328125 0.19140625 0.109375 0.0953125
1 0.628125 0.19765625 0.1 0.1421875
1 0.52421875 0.2296875 0.1296875 0.1359375
1 0.41171875 0.24375 0.11875 0.140625
1 0.54296875 0.3625 0.0875 0.0984375
1 0.6375 0.35546875 0.0953125 0.13125
1 0.72890625 0.2921875 0.103125 0.090625
1 0.809375 0.36640625 0.071875 0.078125
1 0.7265625 0.3828125 0.0890625 0.078125
1 0.6859375 0.45546875 0.1015625 0.0625
1 0.57734375 0.46484375 0.1109375 0.084375
1 0.7859375 0.459375 0.1046875 0.0796875
1 0.48359375 0.83046875 0.0484375 0.0625
1 0.515625 0.76953125 0.0453125 0.05
1 0.50390625 0.7171875 0.040625 0.05
1 0.4625 0.6953125 0.05 0.0625
1 0.55546875 0.7390625 0.0265625 0.0390625
1 0.57890625 0.7296875 0.0203125 0.0359375
1 0.60234375 0.75078125 0.025 0.0296875
1 0.55625 0.778125 0.028125 0.0328125
1 0.553125 0.81171875 0.034375 0.0265625
1 0.5765625 0.81015625 0.0203125 0.0390625
1 0.59453125 0.7953125 0.0203125 0.0296875
1 0.6078125 0.821875 0.0234375 0.03125
1 0.60625 0.77890625 0.0203125 0.034375
1 0.58203125 0.7703125 0.025 0.03125
1 0.8046875 0.54375 0.1078125 0.084375
1 0.8050983593750001 0.5894521859374999 0.8589352140625 0.6750738453125 0.8998171312500001 0.6385927171875 0.8554495624999999 0.5606532125 0.8050983593750001 0.5894521859374999
1 0.838851796875 0.818940859375 0.8796056999999999 0.8200445640625 0.897967690625 0.8029161625000001 0.8095674374999999 0.6967992062499999 0.80242810625 0.7042649703125 0.7979119921875 0.7627689953125001 0.838851796875 0.818940859375
1 0.78310044375 0.7380415609375001 0.776175834375 0.737233709375 0.7496673578124999 0.7687067125 0.7460060796875 0.805239740625 0.7777531015625 0.8502690078124999 0.8482033937500001 0.8625259375000001 0.8423662406249999 0.839594603125 0.78310044375 0.7380415609375001
1 0.792416275 0.7195659890625 0.7868171937499999 0.646420971875 0.753657084375 0.6140505093749999 0.7191750375 0.6158576375 0.7083436671875 0.637711359375 0.7764032484375 0.7331719624999999 0.792416275 0.7195659890625
1 0.6469887421875 0.5087969109375 0.7256851796875 0.6181972828125 0.7461005046875 0.6172735687500001 0.7586083828125 0.5755973437499999 0.7537360875 0.5326931671875 0.7242711796875 0.5025768828125 0.6820593828125 0.4993416703125 0.6539882984375 0.498441490625 0.6469887421875 0.5087969109375
1 0.683877434375 0.66374794375 0.7039945421875 0.6488028953125 0.713560453125 0.6056660203125 0.698608634375 0.5715007328125 0.66099744375 0.5517784453125001 0.623849753125 0.55583363125 0.6233859265625 0.5677009187500001 0.683877434375 0.66374794375
1 0.612562334375 0.6197677609375 0.62090591875 0.6420526953125 0.6428718671875 0.65352854375 0.670012034375 0.6488247578124999 0.6507792265625 0.61076200625 0.6290811749999999 0.5839418953125 0.6137220953125 0.5845892140625 0.612562334375 0.6197677609375
1 0.6905453859375 0.7388578359375 0.7000646374999999 0.735036665625 0.7114043234375 0.7115159531249999 0.7039106140625 0.6778695906250001 0.6775040390625 0.6592602109375 0.6572609296875 0.6552192140625 0.640202859375 0.66362133125 0.6905453859375 0.7388578359375
1 0.5980419328125001 0.6728147875 0.623986928125 0.7223002562499999 0.66451033125 0.738562040625 0.6791829093749999 0.7167121875 0.6121155234375 0.6249794468750001 0.6033131328125 0.62091451875 0.5984576390624999 0.6248545203125 0.5980419328125001 0.6728147875
1 0.5418175046875 0.56399 0.5445340812499999 0.5875456796875 0.55517031875 0.6228799671874999 0.592061959375 0.6296500453125 0.61191273125 0.6231543859374999 0.5626945078125 0.5463088703125 0.5418175046875 0.56399
1 0.7016743859375 0.8410299171875 0.6976586328125001 0.79695331875 0.6621257859375 0.7402644359375 0.632355278125 0.7240380390625 0.6148541875 0.7364341703124999 0.67994093125 0.8790122312499999 0.7016743859375 0.8410299171875
1 0.6634763593749999 0.7412710140625001 0.7078518296875 0.828136015625 0.72987851875 0.845807884375 0.74096626875 0.7992432859374999 0.7130414703125 0.74869281875 0.673720340625 0.7348383828125 0.6634763593749999 0.7412710140625001
1 0.7416623390625 0.8116976093750001 0.747411340625 0.7470989515625 0.722739409375 0.716745090625 0.690550865625 0.7313554953125 0.7416623390625 0.8116976093750001
1 0.7035153843749999 0.651770640625 0.6810657546875001 0.656453121875 0.723715921875 0.718386553125 0.7548026671875 0.7646590796875 0.7704904515625 0.73423465 0.742243790625 0.6783231703125 0.7035153843749999 0.651770640625
1 0.8377860531250001 0.63926121875 0.7702250859374999 0.585775884375 0.750013278125 0.5868351406250001 0.77493226875 0.638870846875 0.8132791828125001 0.70072409375 0.8377094546875 0.729658853125 0.8600993828125001 0.7153904953125 0.8377860531250001 0.63926121875
1 0.489383059375 0.6537386749999999 0.5257917937500001 0.6389446140625 0.512630834375 0.6067922718750001 0.4602373984375 0.5577444859375 0.4451189953125 0.5618803531250001 0.4465323859375 0.6215208249999999 0.489383059375 0.6537386749999999
1 0.52036281875 0.56432639375 0.5394961125 0.5440364296875 0.54239284375 0.5003795453125 0.5183657890625 0.488409971875 0.4824347234375 0.49055743906249993 0.4707009359375 0.498707171875 0.473514896875 0.5014774156249999 0.52036281875 0.56432639375
1 0.5460438875 0.60830570625 0.5397837234375 0.555545175 0.4904641703125 0.5422492734375 0.4752535625 0.5542659343749999 0.47449569687500004 0.5603407859375 0.5279909921875 0.630994878125 0.5460438875 0.60830570625
1 0.5479580296875 0.6202571625 0.5250773328125 0.630631053125 0.5597230625 0.674595321875 0.576155040625 0.7115173765625 0.592314353125 0.7073445781250001 0.596196878125 0.64773775625 0.5479580296875 0.6202571625