1 0.20859375 0.2484375 0.096875 0.1265625
1 0.2171875 0.36171875 0.1046875 0.1390625
1 0.2 0.478125 0.09375 0.0734375
1 0.18828125 0.57734375 0.0953125 0.0828125
1 0.20859375 0.671875 0.109375 0.078125
1 0.19609375 0.746875 0.1 0.0625
1 0.1890625 0.84296875 0.0765625 0.0984375
1 0.2796875 0.84296875 0.0796875 0.0796875
1 0.2703125 0.76796875 0.090625 0.071875
1 0.35078125 0.73671875 0.0890625 0.065625
1 0.4203125 0.734375 0.046875 0.0796875
1 0.35703125 0.8203125 0.09375 0.103125
1 0.4421875 0.8328125 0.0640625 0.0640625
1 0.46328125 0.7671875 0.0671875 0.0703125
1 0.31015625 0.640625 0.0921875 0.084375
1 0.27109375 0.51796875 0.08125 0.0921875
1 0.35234375 0.52109375 0.103125 0.1625
1 0.30703125 0.384375 0.09375 0.15
1 0.303125 0.2375 0.1171875 0.15
1 0.38125 0.378125 0.0921875 0.1
1 0.45625 0.34609375 0.0828125 0.0875
1 0.4640625 0.44375 0.1125 0.0890625
1 0.45703125 0.52421875 0.0578125 0.0671875
1 0.41640625 0.56328125 0.0546875 0.08125
1 0.42421875 0.646875 0.0671875 0.0734375
1 0.53203125 0.67734375 0.08125 0.075
1 0.72734375 0.1875 0.1109375 0.096875
1 0.62265625 0.1953125 0.1015625 0.14375
1 0.51953125 0.22890625 0.1328125 0.1375
1 0.40703125 0.24609375 0.1203125 0.1421875
1 0.540625 0.36171875 0.0890625 0.1
1 0.634375 0.353125 0.096875 0.1328125
1 0.72578125 0.28828125 0.1046875 0.0921875
1 0.80703125 0.3609375 0.0734375 0.0796875
1 0.72421875 0.37890625 0.090625 0.0796875
1 0.68515625 0.45234375 0.103125 0.0640625
1 0.5765625 0.46328125 0.1125 0.0859375
1 0.78515625 0.45390625 0.10625 0.08125
1 0.4890625 0.83046875 0.05 0.0625
1 0.5203125 0.76953125 0.046875 0.05
1 0.50703125 0.7171875 0.0421875 0.0515625
1 0.465625 0.69609375 0.0515625 0.0625
1 0.559375 0.7375 0.028125 0.0390625
1 0.5828125 0.728125 0.021875 0.0359375
1 0.60703125 0.7484375 0.025 0.03125
1 0.5609375 0.7765625 0.028125 0.0328125
1 0.55859375 0.8109375 0.0359375 0.0265625
1 0.58203125 0.809375 0.0203125 0.0390625
1 0.6 0.79375 0.021875 0.0296875
1 0.61328125 0.8203125 0.0234375 0.03125
1 0.6109375 0.77734375 0.0203125 0.034375
1 0.58671875 0.76875 0.025 0.03125
1 0.80546875 0.53828125 0.1078125 0.0859375
1 0.806613046875 0.5841138609375001 0.86193600625 0.668782896875 0.9021750140625 0.6315938375 0.8564539703125 0.554440525 0.806613046875 0.5841138609375001
1 0.8443664734375 0.8129785046875 0.8851334312500001 0.8133707859375001 0.9031936937499999 0.7959245328125 0.8129549078125 0.6913665359375 0.805946959375 0.6989557625 0.80245256875 0.75752969375 0.8443664734375 0.8129785046875
1 0.7872117234375 0.733064521875 0.7802740703125 0.7323776453125 0.7543189109374999 0.7643084906250001 0.7512957796874999 0.800899853125 0.7838238359374999 0.8453682 0.8544773109375001 0.8563937359375 0.8482408390625 0.8335677671875 0.7872117234375 0.733064521875
1 0.79620369375 0.71442918125 0.7893289078125 0.641393021875 0.7556089078125 0.6096062125 0.72116365 0.612014859375 0.7107153312500001 0.6340542859375 0.7804305640625 0.7283125484374999 0.79620369375 0.71442918125
1 0.6471198828125 0.5062302640625 0.7277136343749999 0.61424053125 0.748109728125 0.6129606609375 0.75988835 0.5710724921875 0.7542680171875 0.5282598828125 0.7242819953125 0.49866241875000006 0.682020165625 0.49616439687499997 0.6539376453125 0.49575426250000004 0.6471198828125 0.5062302640625
1 0.6867072249999999 0.6605139 0.706560440625 0.6452200359375 0.7153720531250001 0.601922784375 0.6998262453125 0.5680236437499999 0.66187658125 0.5489607671875001 0.624805321875 0.5536636500000001 0.624548678125 0.5655372265625 0.6867072249999999 0.6605139
1 0.6146354265625 0.6177850359375 0.623366665625 0.6399209609375001 0.64552955 0.6510117015625 0.672583490625 0.645834971875 0.652689325 0.6081136765624999 0.630526503125 0.5816763328125 0.6151810609374999 0.5825916062500001 0.6146354265625 0.6177850359375
1 0.694685009375 0.7354959812499999 0.704136121875 0.7315092578125 0.7150635875 0.7077942234375 0.7069838093749999 0.67428376875 0.680256478125 0.6561380812500001 0.6599459265625 0.652450990625 0.6430370921875 0.661149534375 0.694685009375 0.7354959812499999
1 0.6010430343750001 0.6710773984375 0.62784771875 0.7201025296875 0.6686487578125 0.7356546046875 0.68293776875 0.7135520078125 0.614279640625 0.6230037265624999 0.605407646875 0.6190930406249999 0.6006216546875 0.62311718125 0.6010430343750001 0.6710773984375
1 0.542927915625 0.5632504375 0.5460551812500001 0.58675511875 0.5573064671875 0.621898396875 0.59431064375 0.628023596875 0.6140450265624999 0.6211824828125 0.5634931609375 0.545207646875 0.542927915625 0.5632504375
1 0.7075954624999999 0.8374582734375 0.702811078125 0.793458471875 0.6662942859375 0.7373983578125001 0.6362451234375001 0.7216939984375 0.6189630390625 0.734393678125 0.6865282015624999 0.875814103125 0.7075954624999999 0.8374582734375
1 0.667662221875 0.7383812109375001 0.7135469359375 0.8244585234375 0.7358786875 0.8417432828125 0.746152084375 0.7949922671875 0.7173493109375 0.7449368562500001 0.677792378125 0.731770778125 0.667662221875 0.7383812109375001
1 0.7470654062500001 0.8074325468750001 0.7516861296874999 0.74274339375 0.7264882078125 0.712824740625 0.6945595531250001 0.7279946875000001 0.7470654062500001 0.8074325468750001
1 0.7061331515625 0.6481956921875 0.6837686609375 0.6532692609375 0.7274932203125 0.7144489109375 0.759382796875 0.7601718515625 0.7745372125000001 0.729478265625 0.7453190640625 0.6740682734375001 0.7061331515625 0.6481956921875
1 0.8401650500000001 0.633344828125 0.771680925 0.5810467421875 0.7514906828125001 0.5824585828125 0.7773140265625 0.634051465625 0.8167345875 0.695226046875 0.8416661203125001 0.7237300328125 0.8638036203125001 0.709073090625 0.8401650500000001 0.633344828125
1 0.4920677859375 0.6539005515625 0.528212784375 0.638473321875 0.5144926921875 0.6065555687499999 0.461251234375 0.5584296453125 0.446207315625 0.562828734375 0.44866136093750003 0.6224354546875001 0.4920677859375 0.6539005515625
1 0.52148236875 0.563961215625 0.5402586375 0.5433404203125 0.5423930109375 0.49963963125 0.51816071875 0.488091209375 0.48227260312500003 0.490865434375 0.47068283437499997 0.4992187078125 0.473544715625 0.5019394187499999 0.52148236875 0.563961215625
1 0.5479270703125 0.6074856343749999 0.5407470609375 0.55484239375 0.49120297500000004 0.5424092625 0.476204403125 0.554689553125 0.47555267187499994 0.56077670625 0.5302729046875 0.630486415625 0.5479270703125 0.6074856343749999
1 0.5500495015625 0.6194018625 0.5273533390625 0.630173496875 0.5627610749999999 0.6735264203125 0.579834928125 0.7101560734375 0.5959189546875 0.705701890625 0.59876060625 0.6460363874999999 0.5500495015625 0.6194018625