1 0.2265625 0.22890625 0.0890625 0.12109375
1 0.22734375 0.3421875 0.09609375 0.13203125
1 0.20234375 0.45703125 0.0890625 0.06796875
1 0.18359375 0.55546875 0.08984375 0.07734375
1 0.19765625 0.65078125 0.1046875 0.0703125
1 0.1796875 0.725 0.09609375 0.05546875
1 0.165625 0.8203125 0.0703125 0.09453125
1 0.25625 0.8265625 0.07421875 0.075
1 0.25234375 0.7515625 0.0859375 0.065625
1 0.334375 0.72578125 0.084375 0.059375
1 0.40390625 0.728125 0.0421875 0.07734375
1 0.33515625 0.809375 0.08671875 0.096875
1 0.41875 0.828125 0.059375 0.06015625
1 0.44453125 0.7640625 0.0625 0.065625
1 0.30078125 0.62734375 0.08671875 0.07890625
1 0.2703125 0.5015625 0.075 0.08671875
1 0.3515625 0.5109375 0.0921875 0.15703125
1 0.315625 0.37109375 0.08359375 0.14375
1 0.321875 0.22421875 0.1078125 0.14296875
1 0.38984375 0.3703125 0.08515625 0.09375
1 0.4671875 0.34375 0.07734375 0.0828125
1 0.46796875 0.44140625 0.1078125 0.08203125
1 0.45546875 0.52109375 0.05390625 0.0640625
1 0.4125 0.55703125 0.05 0.078125
1 0.4140625 0.64140625 0.06328125 0.06875
1 0.51953125 0.67890625 0.07734375 0.06953125
1 0.7484375 0.20390625 0.10546875 0.08984375
1 0.64375 0.2046875 0.0921875 0.1375
1 0.53828125 0.23125 0.1234375 0.1296875
1 0.425 0.23984375 0.11171875 0.134375
1 0.55 0.36484375 0.08203125 0.09375
1 0.64453125 0.3625 0.08828125 0.12734375
1 0.73984375 0.3046875 0.09921875 0.0859375
1 0.815625 0.3828125 0.06875 0.075
1 0.73203125 0.39453125 0.0859375 0.0734375
1 0.68828125 0.465625 0.09921875 0.05703125
1 0.57890625 0.46875 0.10703125 0.07890625
1 0.7875 0.47421875 0.10078125 0.075
1 0.46640625 0.82890625 0.0453125 0.06015625
1 0.5015625 0.7703125 0.04296875 0.04765625
1 0.4921875 0.7171875 0.03828125 0.0484375
1 0.45234375 0.69296875 0.04765625 0.059375
1 0.54296875 0.74140625 0.025 0.0375
1 0.56640625 0.73359375 0.01875 0.034375
1 0.5890625 0.75546875 0.0234375 0.02890625
1 0.54140625 0.78046875 0.02578125 0.03125
1 0.53671875 0.8140625 0.03359375 0.025
1 0.56015625 0.8140625 0.01796875 0.0375
1 0.57890625 0.8 0.01953125 0.028125
1 0.590625 0.82734375 0.021875 0.03046875
1 0.59140625 0.784375 0.01875 0.0328125
1 0.56796875 0.77421875 0.0234375 0.0296875
1 0.80234375 0.559375 0.103125 0.0796875
1 0.8920158140625001 0.6593275921874999 0.8517880874999999 0.5791728828125 0.7999986671875 0.605297209375 0.8492806484375001 0.6936191296875001 0.8920158140625001 0.6593275921874999
1 0.7913232359375 0.7198128968749999 0.783751446875 0.7780003890625 0.8216953374999999 0.8362378953125 0.862335625 0.8394729812499999 0.8815688828124999 0.8233290453125001 0.7988435109375 0.7127310078125 0.7913232359375 0.7198128968749999
1 0.8287530515625001 0.880252665625 0.82412403125 0.8570472656250001 0.77025433125 0.7525316656250001 0.7633814921875001 0.751362515625 0.735262175 0.7814050390625 0.7296939234375001 0.817696384375 0.7590407875 0.8643254499999999 0.8287530515625001 0.880252665625
1 0.700850884375 0.6484264953125 0.7638211703125 0.7473182375 0.7805243328125 0.7345689671875 0.7787610390624999 0.661231159375 0.7473405140625 0.6271695937499999 0.7128111453125 0.6271695937499999 0.700850884375 0.6484264953125
1 0.68184433125 0.508870825 0.653858828125 0.5065027515625 0.6463269046875 0.5164776515625 0.7191899187499999 0.629846746875 0.7396256078125 0.6299927546874999 0.754297509375 0.5890282578125 0.7516773234375 0.5459278828125 0.7238289609375 0.5143107984374999 0.68184433125 0.508870825
1 0.6207579156249999 0.5622389078125 0.6196736375 0.5740656578125 0.6750555312500001 0.673146934375 0.6959272328125 0.659275215625 0.70773764375 0.6166981 0.6945943890625 0.5817971156249999 0.658066928125 0.560133440625 0.6207579156249999 0.5622389078125
1 0.62451109375 0.5905824421875 0.6091391859375 0.5904250421875 0.6061399109375001 0.62549468125 0.6133057578125001 0.64818574375 0.6346410031249999 0.6607954734375 0.661990153125 0.657518540625 0.644775753125 0.6185013859375 0.62451109375 0.5905824421875
1 0.6489218625000001 0.6632368921875 0.6314474375 0.6707347453125 0.677783396875 0.7485028640625 0.6874895875 0.7451851296875 0.7000447109375 0.722290125 0.6943221859375 0.6882976828125 0.668925740625 0.66833179375 0.6489218625000001 0.6632368921875
1 0.59684336875 0.6261558015625 0.591788325 0.6298362859375 0.5888631421875 0.67770906875 0.6121827125 0.7284845765625 0.651799503125 0.7468449046875001 0.66759550625 0.7257929 0.6054209546875 0.630675840625 0.59684336875 0.6261558015625
1 0.6053139562500001 0.6288426671875 0.56018496875 0.5495265828125 0.5384112171875 0.5660908625000001 0.5398912625000001 0.589756434375 0.5486636687499999 0.62559895625 0.5851504328125 0.6342905156249999 0.6053139562500001 0.6288426671875
1 0.602322775 0.7421211484375 0.6598583609374999 0.8879101890625 0.683549871875 0.85111736875 0.6818464125 0.8068910078125 0.6493291296875 0.7484201703125 0.6204486453125 0.7306579421875 0.602322775 0.7421211484375
1 0.699733928125 0.7595017234375 0.661191771875 0.743608365625 0.650625171875 0.7494960515625 0.6903936640625 0.838564440625 0.7114652921875 0.8573648781250001 0.72497485 0.8114443828125 0.699733928125 0.7595017234375
1 0.711090590625 0.7281053296875 0.6781815109375 0.7410110921874999 0.72501815625 0.82391806875 0.7341401125 0.7597088203125 0.711090590625 0.7281053296875
1 0.757860859375 0.748070015625 0.732579090625 0.6907568453125 0.6952934125 0.6622138171875 0.6726294859374999 0.6657149578125 0.7119798578125 0.7297956484375 0.7406022828125 0.777631715625 0.757860859375 0.748070015625
1 0.8252272203125001 0.7470184609375 0.8483332109375 0.73394145625 0.830034759375 0.656748721875 0.7653655890625 0.5998008203125 0.74512604375 0.5998008203125 0.7672875453125 0.653069371875 0.8023447578124999 0.7168447734375001 0.8252272203125001 0.7470184609375
1 0.441955640625 0.5589232984375 0.440245753125 0.61855600625 0.48135154843750005 0.652972334375 0.5184846484375 0.6401040328125001 0.5070244484375 0.6073069640625001 0.45726977812499997 0.5555843359375 0.441955640625 0.5589232984375
1 0.47080875000000005 0.49717554843749995 0.473473871875 0.5000892671875 0.5169683296875001 0.56530394375 0.5371372953125 0.5460431453125 0.54231488125 0.5025976953125 0.5189471953125 0.489387046875 0.48295298124999997 0.489651084375 0.47080875000000005 0.49717554843749995
1 0.47137265624999997 0.5589232984375 0.5210968890625 0.6322802890625 0.540312503125 0.610567028125 0.5368221906249999 0.5575511718749999 0.4882660828125 0.5416923062500001 0.47244741718750005 0.5528964359375 0.47137265624999997 0.5589232984375
1 0.5813362625 0.7118917796875001 0.588333046875 0.6525698421875 0.54159853125 0.6226022828125 0.5182062640625 0.6317644734375001 0.5505036015625 0.6774817093750001 0.5649807078125 0.715213146875 0.5813362625 0.7118917796875001