1 0.615625 0.3359375 0.08828125 0.14375
1 0.8265625 0.3828125 0.11484375 0.0875
1 0.89765625 0.53203125 0.11875 0.1375
1 0.73125 0.33828125 0.12578125 0.078125
1 0.23515625 0.434375 0.10390625 0.075
1 0.30703125 0.53046875 0.0859375 0.0828125
1 0.3875 0.496875 0.1 0.09140625
1 0.63359375 0.68515625 0.14296875 0.04375
1 0.66484375 0.73203125 0.12578125 0.03515625
1 0.61953125 0.5828125 0.09140625 0.04765625
1 0.778125 0.625 0.0734375 0.06328125
1 0.47578125 0.3359375 0.1453125 0.1359375
1 0.5578125 0.4875 0.0703125 0.059375
1 0.3484375 0.4078125 0.1046875 0.08828125
1 0.140625 0.71015625 0.05625 0.071875
1 0.2 0.7046875 0.0515625 0.06328125
1 0.2671875 0.71328125 0.07109375 0.06484375
1 0.33359375 0.6328125 0.06328125 0.065625
1 0.2703125 0.628125 0.06875 0.05703125
1 0.17265625 0.628125 0.10234375 0.07109375
1 0.415625 0.67265625 0.0796875 0.04140625
1 0.390625 0.6015625 0.04609375 0.06953125
1 0.4390625 0.6 0.03671875 0.07265625
1 0.49375 0.60390625 0.0609375 0.06875
1 0.53515625 0.58359375 0.065625 0.08828125
1 0.12109375 0.54765625 0.07109375 0.1
1 0.0828125 0.64765625 0.0578125 0.10703125
1 0.23984375 0.584375 0.04765625 0.03671875
1 0.21015625 0.52890625 0.09453125 0.0890625
1 0.62578125 0.46484375 0.0875 0.06171875
1 0.63046875 0.53359375 0.071875 0.06171875
1 0.7484375 0.57421875 0.08515625 0.046875
1 0.703125 0.54453125 0.05703125 0.08125
1 0.48671875 0.44140625 0.13984375 0.05859375
1 0.8270544359375 0.5971246796874999 0.8300409203125 0.49730987656250003 0.75109543125 0.431648196875 0.651522225 0.4157583171875 0.6388888890625 0.43148148124999997 0.8270544359375 0.5971246796874999
1 0.17901234531250002 0.4046296296875 0.40380237656249995 0.3206988859375 0.376551121875 0.2646539765625 0.2383312640625 0.2730203140625 0.168707765625 0.3386308453125 0.154194678125 0.3971012265625 0.17901234531250002 0.4046296296875