1 0.6296875 0.346875 0.1 0.1515625
1 0.83515625 0.41171875 0.121875 0.096875
1 0.89296875 0.56640625 0.1296875 0.146875
1 0.74453125 0.359375 0.1328125 0.0890625
1 0.2421875 0.41171875 0.109375 0.084375
1 0.30546875 0.51328125 0.0921875 0.090625
1 0.38828125 0.48671875 0.1078125 0.1
1 0.6171875 0.69609375 0.146875 0.05625
1 0.64375 0.7453125 0.128125 0.0453125
1 0.61171875 0.59296875 0.0953125 0.0546875
1 0.76640625 0.6484375 0.078125 0.06875
1 0.48984375 0.334375 0.15625 0.1484375
1 0.55859375 0.49296875 0.075 0.065625
1 0.35703125 0.3953125 0.1125 0.096875
1 0.1234375 0.678125 0.0625 0.0765625
1 0.18359375 0.678125 0.05625 0.0671875
1 0.24921875 0.6921875 0.0765625 0.0703125
1 0.32265625 0.61796875 0.06875 0.0703125
1 0.26015625 0.6078125 0.0734375 0.0625
1 0.1625 0.59921875 0.1078125 0.0796875
1 0.40078125 0.66484375 0.0828125 0.0484375
1 0.38203125 0.59140625 0.0515625 0.0734375
1 0.43046875 0.59453125 0.0421875 0.075
1 0.484375 0.603125 0.0671875 0.0734375
1 0.528125 0.58671875 0.0734375 0.09375
1 0.11875 0.5140625 0.0796875 0.10625
1 0.071875 0.6109375 0.0671875 0.1109375
1 0.23359375 0.56171875 0.05 0.040625
1 0.20859375 0.50390625 0.1015625 0.096875
1 0.628125 0.47578125 0.0921875 0.06875
1 0.62734375 0.54453125 0.0765625 0.0671875
1 0.74140625 0.5953125 0.0890625 0.0546875
1 0.6984375 0.56171875 0.0640625 0.0859375
1 0.4921875 0.440625 0.14375 0.0703125
1 0.7560971890625 0.4537927046875 0.658287784375 0.4292849140625 0.6443321578125001 0.4438471796875 0.817344921875 0.6252597625 0.829019475 0.526085075 0.7560971890625 0.4537927046875
1 0.39753263906249997 0.2547902609375 0.259109575 0.2510781078125 0.18403268125 0.31037088281249997 0.16447879062499998 0.36735386718749996 0.188545875 0.377016625 0.41979555937499996 0.31299700625 0.39753263906249997 0.2547902609375