1 0.59453125 0.3234375 0.1046875 0.153125
1 0.81015625 0.34375 0.125 0.1015625
1 0.8984375 0.48359375 0.134375 0.1515625
1 0.71015625 0.3109375 0.134375 0.0921875
1 0.22890625 0.4671875 0.1125 0.0875
1 0.3125 0.55390625 0.0953125 0.0921875
1 0.38828125 0.5109375 0.1109375 0.103125
1 0.65546875 0.6671875 0.146875 0.0609375
1 0.6921875 0.71015625 0.1296875 0.05
1 0.62890625 0.56796875 0.096875 0.0578125
1 0.79140625 0.58984375 0.08125 0.071875
1 0.45625 0.33984375 0.1609375 0.153125
1 0.55546875 0.48046875 0.0765625 0.0671875
1 0.33828125 0.42734375 0.1140625 0.1
1 0.16875 0.75234375 0.0640625 0.078125
1 0.22734375 0.73984375 0.059375 0.06875
1 0.29453125 0.73984375 0.078125 0.0734375
1 0.35078125 0.65234375 0.0703125 0.0734375
1 0.2875 0.65546875 0.075 0.065625
1 0.190625 0.6671875 0.1109375 0.0828125
1 0.4375 0.68203125 0.084375 0.0515625
1 0.40390625 0.6140625 0.0546875 0.075
1 0.4515625 0.60703125 0.0453125 0.0765625
1 0.50625 0.60390625 0.06875 0.075
1 0.5453125 0.57890625 0.0765625 0.0953125
1 0.1296875 0.59375 0.0828125 0.1078125
1 0.10390625 0.69765625 0.0703125 0.1125
1 0.25234375 0.615625 0.0515625 0.0421875
1 0.215625 0.5640625 0.1046875 0.1
1 0.6203125 0.45 0.09375 0.071875
1 0.63359375 0.5171875 0.078125 0.0703125
1 0.75546875 0.54375 0.090625 0.05625
1 0.70703125 0.51953125 0.0671875 0.0875
1 0.4796875 0.44375 0.1453125 0.075
1 0.7408938140625 0.40155684531249997 0.6401263234375001 0.397920328125 0.6295033250000001 0.4150659109375 0.8364531421875 0.5565428171875 0.8272530015624999 0.45710805781249997 0.7408938140625 0.40155684531249997
1 0.348789825 0.28145284375 0.2126198375 0.3066015828125 0.1515112140625 0.380208034375 0.144232053125 0.44001128593749994 0.1697822140625 0.4444590609375 0.382668109375 0.3337589109375 0.348789825 0.28145284375