1 0.453125 0.375 0.11328125 0.0828125
1 0.5953125 0.365625 0.11640625 0.10546875
1 0.53515625 0.46171875 0.125 0.0828125
1 0.69453125 0.50546875 0.05625 0.05546875
1 0.78359375 0.4390625 0.0671875 0.05
1 0.87578125 0.44921875 0.0765625 0.0578125
1 0.8578125 0.55546875 0.0625 0.05078125
1 0.84765625 0.61015625 0.07734375 0.06328125
1 0.74453125 0.59921875 0.07109375 0.06015625
1 0.7703125 0.53671875 0.0796875 0.05703125
1 0.771875 0.48671875 0.08125 0.0515625
1 0.88359375 0.5046875 0.0765625 0.05
1 0.6734375 0.64765625 0.07734375 0.06328125
1 0.6234375 0.696875 0.08125 0.07421875
1 0.56328125 0.75546875 0.0796875 0.06953125
1 0.48046875 0.778125 0.0828125 0.08046875
1 0.48515625 0.6890625 0.071875 0.06484375
1 0.5421875 0.64765625 0.0734375 0.06484375
1 0.60078125 0.60078125 0.06953125 0.0640625
1 0.5015625 0.56015625 0.06953125 0.0578125
1 0.4671875 0.61640625 0.0765625 0.06953125
1 0.38203125 0.6296875 0.065625 0.06015625
1 0.40234375 0.71953125 0.07109375 0.06640625
1 0.31796875 0.68671875 0.07578125 0.075
1 0.2609375 0.5875 0.08828125 0.07421875
1 0.35859375 0.53125 0.0875 0.08671875
1 0.296875 0.48359375 0.0484375 0.04296875
1 0.1578125 0.63203125 0.09609375 0.0921875
1 0.17578125 0.5078125 0.04609375 0.03984375
1 0.23828125 0.5140625 0.05859375 0.0375
1 0.23515625 0.47109375 0.0484375 0.03515625
1 0.271875 0.43125 0.05390625 0.0328125
1 0.33125 0.44765625 0.046875 0.0453125
1 0.33203125 0.4109375 0.0453125 0.040625
1 0.27421875 0.3984375 0.046875 0.0390625
1 0.2109375 0.39609375 0.05546875 0.0421875
1 0.20078125 0.44375 0.053125 0.03046875
1 0.1453125 0.47578125 0.046875 0.040625
1 0.09140625 0.46796875 0.0515625 0.04140625
1 0.096875 0.4234375 0.053125 0.0359375
1 0.15078125 0.4328125 0.04921875 0.0375
1 0.15703125 0.39765625 0.04375 0.03671875