1 0.42421875 0.38984375 0.1296875 0.1078125
1 0.56015625 0.346875 0.1390625 0.13125
1 0.525 0.4546875 0.140625 0.1109375
1 0.68984375 0.45859375 0.06875 0.0671875
1 0.76015625 0.371875 0.0765625 0.0640625
1 0.85234375 0.36015625 0.0875 0.075
1 0.8609375 0.4671875 0.0734375 0.0640625
1 0.8640625 0.52265625 0.090625 0.0796875
1 0.7609375 0.5375 0.0828125 0.075
1 0.77109375 0.4703125 0.090625 0.075
1 0.7609375 0.42109375 0.090625 0.0703125
1 0.8734375 0.41171875 0.0859375 0.0671875
1 0.70390625 0.6015625 0.090625 0.0796875
1 0.6671875 0.6609375 0.096875 0.0921875
1 0.6234375 0.7328125 0.09375 0.0875
1 0.5484375 0.77421875 0.1 0.0984375
1 0.53125 0.68671875 0.0859375 0.0796875
1 0.5765625 0.6328125 0.0875 0.08125
1 0.621875 0.5734375 0.0828125 0.0796875
1 0.51640625 0.5578125 0.08125 0.0734375
1 0.49609375 0.62109375 0.090625 0.0859375
1 0.4171875 0.6546875 0.078125 0.075
1 0.45859375 0.73671875 0.084375 0.08125
1 0.36875 0.725 0.0921875 0.090625
1 0.2890625 0.64296875 0.103125 0.09375
1 0.3703125 0.56484375 0.10625 0.1046875
1 0.29921875 0.53359375 0.0578125 0.053125
1 0.2 0.7109375 0.115625 0.1125
1 0.1875 0.5859375 0.0546875 0.05
1 0.24921875 0.57734375 0.065625 0.05
1 0.2359375 0.5359375 0.05625 0.0453125
1 0.26171875 0.48828125 0.0609375 0.0453125
1 0.3234375 0.48984375 0.05625 0.0546875
1 0.315625 0.45390625 0.053125 0.05
1 0.25625 0.45625 0.0546875 0.05
1 0.19453125 0.46875 0.0640625 0.0546875
1 0.19609375 0.51796875 0.059375 0.0421875
1 0.15 0.5625 0.0546875 0.05
1 0.09609375 0.56796875 0.059375 0.053125
1 0.090625 0.5234375 0.0609375 0.0484375
1 0.14453125 0.51953125 0.05625 0.0484375
1 0.1421875 0.48359375 0.0515625 0.046875