1 0.43828125 0.38203125 0.121875 0.0953125
1 0.578125 0.3546875 0.128125 0.11875
1 0.53046875 0.4578125 0.134375 0.096875
1 0.69375 0.48203125 0.0625 0.0625
1 0.77421875 0.4046875 0.0734375 0.0578125
1 0.86640625 0.40390625 0.0828125 0.0671875
1 0.86171875 0.51171875 0.06875 0.0578125
1 0.85859375 0.5671875 0.084375 0.071875
1 0.7546875 0.56875 0.078125 0.06875
1 0.77265625 0.503125 0.0859375 0.065625
1 0.76796875 0.45390625 0.0875 0.0609375
1 0.88125 0.4578125 0.0828125 0.059375
1 0.68984375 0.62578125 0.084375 0.071875
1 0.646875 0.68046875 0.0890625 0.0828125
1 0.59375 0.74609375 0.0875 0.078125
1 0.51484375 0.778125 0.0921875 0.090625
1 0.50859375 0.68984375 0.0796875 0.0734375
1 0.56015625 0.64140625 0.08125 0.0734375
1 0.6125 0.5875 0.0765625 0.071875
1 0.50859375 0.559375 0.0765625 0.065625
1 0.48125 0.61953125 0.084375 0.078125
1 0.3984375 0.64296875 0.071875 0.0671875
1 0.4296875 0.7296875 0.078125 0.075
1 0.3421875 0.7078125 0.084375 0.084375
1 0.2734375 0.615625 0.096875 0.084375
1 0.36328125 0.5484375 0.096875 0.096875
1 0.29609375 0.50859375 0.053125 0.0484375
1 0.1765625 0.67265625 0.10625 0.103125
1 0.17890625 0.54765625 0.05 0.0453125
1 0.2421875 0.54609375 0.0625 0.04375
1 0.23359375 0.50390625 0.053125 0.040625
1 0.26484375 0.459375 0.0578125 0.0390625
1 0.32578125 0.46875 0.0515625 0.05
1 0.32265625 0.43203125 0.05 0.0453125
1 0.26328125 0.4265625 0.0515625 0.04375
1 0.20078125 0.43203125 0.0609375 0.0484375
1 0.19609375 0.48046875 0.05625 0.0359375
1 0.1453125 0.51953125 0.0515625 0.0453125
1 0.090625 0.51796875 0.05625 0.046875
1 0.090625 0.4734375 0.0578125 0.0421875
1 0.1453125 0.47578125 0.053125 0.04375
1 0.146875 0.43984375 0.0484375 0.0421875