1 0.61953125 0.1265625 0.04375 0.053125
1 0.5421875 0.196875 0.08515625 0.08984375
1 0.62578125 0.21875 0.0484375 0.04609375
1 0.5953125 0.2796875 0.03828125 0.028125
1 0.51640625 0.31484375 0.04140625 0.05625
1 0.57265625 0.35703125 0.0453125 0.04375
1 0.71875 0.33125 0.0234375 0.03359375
1 0.9296875 0.18828125 0.0234375 0.021875
1 0.98984375 0.24375 0.01953125 0.04375
1 0.93515625 0.34296875 0.021875 0.034375
1 0.61953125 0.48359375 0.02890625 0.02421875
1 0.50078125 0.42578125 0.075 0.1140625
1 0.41171875 0.46015625 0.0765625 0.11484375
1 0.521875 0.528125 0.02421875 0.02578125
1 0.59921875 0.58203125 0.034375 0.034375
1 0.6734375 0.56796875 0.08125 0.0890625
1 0.56171875 0.60234375 0.02578125 0.03515625
1 0.49921875 0.67109375 0.0234375 0.021875
1 0.47265625 0.73984375 0.03515625 0.03984375
1 0.54609375 0.759375 0.028125 0.03671875
1 0.328125 0.8 0.0484375 0.05390625
1 0.38671875 0.8171875 0.02890625 0.0421875
1 0.30625 0.121875 0.04609375 0.0859375
1 0.3671875 0.11328125 0.04765625 0.04921875
1 0.3296875 0.1828125 0.0203125 0.028125
1 0.29609375 0.24296875 0.03828125 0.04453125
1 0.23984375 0.04296875 0.0375 0.04609375
1 0.29765625 0.48984375 0.021875 0.04375
1 0.26796875 0.48984375 0.0203125 0.02421875
1 0.1671875 0.5515625 0.115625 0.1609375
1 0.06953125 0.5359375 0.07109375 0.03359375
1 0.0890625 0.31328125 0.06171875 0.04765625
1 0.0125 0.128125 0.025 0.08125