1 0.4234375 0.35546875 0.08671875 0.1125
1 0.45078125 0.1890625 0.04453125 0.0359375
1 0.44921875 0.25390625 0.10703125 0.1109375
1 0.49453125 0.21875 0.02890625 0.0359375
1 0.540625 0.17578125 0.10546875 0.109375
1 0.64765625 0.25234375 0.034375 0.03828125
1 0.55390625 0.2578125 0.034375 0.0390625
1 0.60234375 0.2625 0.0328125 0.0328125
1 0.603125 0.23046875 0.028125 0.0265625
1 0.69609375 0.30546875 0.034375 0.04140625
1 0.70625 0.39296875 0.03359375 0.0421875
1 0.71875 0.58515625 0.021875 0.03359375
1 0.725 0.6890625 0.02421875 0.0265625
1 0.91328125 0.1875 0.04609375 0.03203125
1 0.86015625 0.1640625 0.03359375 0.03359375
1 0.87578125 0.084375 0.0234375 0.028125
1 0.9 0.134375 0.03125 0.015625
1 0.98046875 0.31328125 0.0390625 0.1078125
1 0.9265625 0.3875 0.03046875 0.03828125
1 0.89296875 0.30859375 0.034375 0.0421875
1 0.16015625 0.2046875 0.07265625 0.05625
1 0.08125 0.1640625 0.03203125 0.0375
1 0.015625 0.18515625 0.03125 0.0453125
1 0.03125 0.25859375 0.02734375 0.0359375
1 0.0546875 0.2953125 0.03828125 0.04453125
1 0.009375 0.4921875 0.01875 0.07421875
1 0.34609375 0.56640625 0.0203125 0.0328125
1 0.3421875 0.63046875 0.04765625 0.084375
1 0.36875 0.57578125 0.01796875 0.02421875
1 0.490625 0.61953125 0.10390625 0.21171875
1 0.503125 0.821875 0.0421875 0.0359375
1 0.40859375 0.8140625 0.028125 0.0234375
1 0.43046875 0.82734375 0.021875 0.021875
1 0.5140625 0.8671875 0.028125 0.01953125
1 0.44375 0.725 0.02265625 0.01796875
1 0.57265625 0.66171875 0.021875 0.0359375
1 0.553125 0.65625 0.02265625 0.03984375
1 0.553125 0.60625 0.02265625 0.02578125
1 0.58828125 0.4859375 0.025 0.034375
1 0.52421875 0.40234375 0.01796875 0.025
1 0.534375 0.43359375 0.02265625 0.03046875
1 0.446875 0.44375 0.02734375 0.028125
1 0.48515625 0.4515625 0.0234375 0.025
1 0.4859375 0.490625 0.03125 0.025
1 0.615625 0.4265625 0.0484375 0.0578125
1 0.60390625 0.36015625 0.01640625 0.02421875
1 0.85546875 0.62578125 0.0390625 0.03125
1 0.86328125 0.74375 0.021875 0.021875
1 0.89140625 0.77578125 0.0328125 0.02890625
1 0.97265625 0.7390625 0.02109375 0.028125
1 0.92265625 0.7046875 0.02109375 0.03828125
1 0.95703125 0.5796875 0.0859375 0.11796875
1 0.86640625 0.36328125 0.02890625 0.034375
1 0.86328125 0.42578125 0.02265625 0.028125
1 0.8890625 0.42265625 0.02890625 0.08125
1 0.8875 0.37578125 0.01484375 0.025
1 0.8609375 0.2703125 0.02109375 0.03984375
1 0.8640625 0.30390625 0.0171875 0.0203125
1 0.86875 0.3296875 0.0203125 0.03203125
1 0.87734375 0.4859375 0.028125 0.01953125
1 0.890625 0.51796875 0.025 0.04609375
1 0.90390625 0.53671875 0.01953125 0.0234375
1 0.85234375 0.5546875 0.02578125 0.0265625
1 0.853125 0.59453125 0.0328125 0.0359375
1 0.87109375 0.58046875 0.01875 0.0359375
1 0.89375 0.5828125 0.0328125 0.03125
1 0.9046875 0.63515625 0.0203125 0.084375
1 0.92734375 0.68203125 0.01484375 0.01875
1 0.91328125 0.75859375 0.02421875 0.02578125