1 0.3203125 0.05546875 0.053125 0.053125
1 0.29765625 0.1390625 0.05 0.053125
1 0.365625 0.01953125 0.0359375 0.03125
1 0.50546875 0.08984375 0.071875 0.0875
1 0.6046875 0.16640625 0.0953125 0.11875
1 0.9671875 0.2375 0.046875 0.053125
1 0.95234375 0.296875 0.034375 0.04375
1 0.98984375 0.303125 0.0203125 0.025
1 0.9453125 0.3796875 0.0375 0.0421875
1 0.93515625 0.459375 0.0375 0.04375
1 0.91484375 0.56796875 0.059375 0.0671875
1 0.90078125 0.678125 0.025 0.028125
1 0.98203125 0.53671875 0.021875 0.028125
1 0.834375 0.64375 0.1140625 0.1296875
1 0.67109375 0.61796875 0.10625 0.128125
1 0.49765625 0.2703125 0.0453125 0.046875
1 0.496875 0.228125 0.01875 0.01875
1 0.4921875 0.1609375 0.028125 0.028125
1 0.51328125 0.15078125 0.0234375 0.028125
1 0.49765625 0.140625 0.01875 0.021875
1 0.58984375 0.23828125 0.0296875 0.0359375
1 0.61875 0.24140625 0.021875 0.0265625
1 0.62265625 0.35 0.0203125 0.021875
1 0.63828125 0.3578125 0.021875 0.0265625
1 0.58671875 0.46796875 0.0265625 0.028125
1 0.60625 0.44921875 0.025 0.025
1 0.5421875 0.3984375 0.0234375 0.0296875
1 0.540625 0.37734375 0.021875 0.0265625
1 0.51328125 0.35390625 0.0234375 0.03125
1 0.38828125 0.3953125 0.021875 0.0171875
1 0.38671875 0.41171875 0.0265625 0.021875
1 0.43203125 0.4671875 0.0234375 0.021875
1 0.4453125 0.45859375 0.025 0.0203125
1 0.49453125 0.50078125 0.015625 0.021875
1 0.503125 0.5078125 0.015625 0.025
1 0.5140625 0.5171875 0.0203125 0.0234375
1 0.475 0.53984375 0.0171875 0.028125
1 0.4875 0.54921875 0.0171875 0.0203125
1 0.51484375 0.5546875 0.0234375 0.0234375
1 0.59609375 0.59375 0.015625 0.01875
1 0.6140625 0.62890625 0.0203125 0.0203125
1 0.45703125 0.60078125 0.0171875 0.0265625
1 0.4546875 0.621875 0.025 0.025
1 0.43828125 0.62265625 0.0203125 0.025
1 0.53203125 0.6546875 0.025 0.0265625
1 0.53828125 0.67578125 0.0171875 0.025
1 0.45078125 0.6859375 0.0140625 0.0203125
1 0.51171875 0.73984375 0.0203125 0.0171875
1 0.48671875 0.7640625 0.01875 0.0203125
1 0.51328125 0.8109375 0.01875 0.021875
1 0.43984375 0.821875 0.01875 0.0234375
1 0.4125 0.76171875 0.01875 0.0171875
1 0.3734375 0.76875 0.0171875 0.01875
1 0.31953125 0.37265625 0.040625 0.034375
1 0.403125 0.178125 0.1890625 0.20625
1 0.55859375 0.30703125 0.1140625 0.14375
1 0.42109375 0.52734375 0.0296875 0.0390625
1 0.3640625 0.48359375 0.028125 0.0296875
1 0.3875 0.49921875 0.0140625 0.015625
1 0.3921875 0.4703125 0.021875 0.034375
1 0.31875 0.58515625 0.0125 0.0171875
1 0.1515625 0.49140625 0.021875 0.0296875