1 0.13203125 0.14921875 0.06875 0.078125
1 0.20234375 0.09609375 0.090625 0.075
1 0.12578125 0.03359375 0.0484375 0.0546875
1 0.0796875 0.15546875 0.0453125 0.065625
1 0.50234375 0.13046875 0.0578125 0.0421875
1 0.54921875 0.16875 0.028125 0.0359375
1 0.6109375 0.13828125 0.1453125 0.1359375
1 0.49921875 0.19375 0.1390625 0.1328125
1 0.4484375 0.30546875 0.1125 0.13125
1 0.6046875 0.22734375 0.0421875 0.046875
1 0.65859375 0.22890625 0.046875 0.06875
1 0.70546875 0.23984375 0.0375 0.05
1 0.7421875 0.3109375 0.0546875 0.059375
1 0.73515625 0.39921875 0.0453125 0.0546875
1 0.70390625 0.59921875 0.0328125 0.040625
1 0.68984375 0.70859375 0.0265625 0.0359375
1 0.94921875 0.1921875 0.04375 0.05
1 0.9859375 0.23203125 0.028125 0.0390625
1 0.984375 0.11953125 0.03125 0.0390625
1 0.98984375 0.17109375 0.0203125 0.0296875
1 0.9515625 0.353125 0.0421875 0.0578125
1 0.9671875 0.44375 0.04375 0.0484375
1 0.634375 0.415625 0.0578125 0.065625
1 0.5921875 0.4734375 0.05 0.053125
1 0.540625 0.3703125 0.01875 0.0296875
1 0.54453125 0.409375 0.028125 0.0359375
1 0.49375 0.41640625 0.025 0.028125
1 0.45234375 0.4 0.0375 0.0328125
1 0.48828125 0.45078125 0.03125 0.034375
1 0.46484375 0.5859375 0.1484375 0.240625
1 0.53359375 0.6484375 0.0203125 0.025
1 0.51796875 0.63984375 0.0234375 0.0484375
1 0.52578125 0.584375 0.0265625 0.0359375
1 0.5171875 0.50078125 0.03125 0.0328125
1 0.30078125 0.57421875 0.0703125 0.1015625
1 0.315625 0.50625 0.03125 0.040625
1 0.35390625 0.63671875 0.034375 0.0265625
1 0.384375 0.6859375 0.0203125 0.0234375
1 0.334375 0.77734375 0.025 0.025
1 0.42890625 0.8 0.0390625 0.0421875
1 0.35234375 0.79296875 0.0234375 0.01875
1 0.42890625 0.84765625 0.025 0.0265625
1 0.921875 0.31015625 0.0265625 0.0546875
1 0.92109375 0.37109375 0.025 0.0375
1 0.91875 0.46875 0.046875 0.0921875
1 0.940625 0.6515625 0.0984375 0.1359375
1 0.9328125 0.825 0.0265625 0.0421875
1 0.85 0.846875 0.0515625 0.04375
1 0.84296875 0.6796875 0.046875 0.0421875
1 0.85234375 0.60234375 0.034375 0.0359375
1 0.84296875 0.64375 0.0390625 0.0453125
1 0.86640625 0.628125 0.0390625 0.0296875
1 0.89140625 0.64140625 0.0296875 0.04375
1 0.8828125 0.69765625 0.040625 0.0953125
1 0.8984375 0.5703125 0.040625 0.0546875
1 0.8921875 0.534375 0.0390625 0.0390625
1 0.89375 0.46953125 0.034375 0.0421875
1 0.90703125 0.40859375 0.0421875 0.053125
1 0.93046875 0.42109375 0.028125 0.025