1 0.2890625 0.26015625 0.03046875 0.0296875
1 0.309375 0.28359375 0.0234375 0.02734375
1 0.33515625 0.278125 0.025 0.02578125
1 0.321875 0.3359375 0.04375 0.04765625
1 0.32421875 0.3796875 0.021875 0.03046875
1 0.2984375 0.38046875 0.015625 0.03515625
1 0.309375 0.44765625 0.01484375 0.0359375
1 0.30078125 0.42890625 0.01875 0.03046875
1 0.2875 0.484375 0.01328125 0.0296875
1 0.3484375 0.51328125 0.03515625 0.0484375
1 0.36875 0.56015625 0.040625 0.04609375
1 0.39140625 0.4171875 0.04453125 0.04453125
1 0.43359375 0.38125 0.04609375 0.05625
1 0.43359375 0.31015625 0.0296875 0.0484375
1 0.509375 0.30078125 0.0421875 0.06015625
1 0.528125 0.2546875 0.059375 0.05703125
1 0.58359375 0.23828125 0.034375 0.04296875
1 0.5375 0.1421875 0.03125 0.03828125
1 0.575 0.11640625 0.03203125 0.04609375
1 0.5375 0.1 0.0390625 0.05625
1 0.72578125 0.121875 0.059375 0.0765625
1 0.775 0.11953125 0.03984375 0.04375
1 0.79140625 0.1765625 0.021875 0.0515625
1 0.834375 0.2375 0.03125 0.0328125
1 0.7234375 0.2640625 0.0265625 0.03984375
1 0.76484375 0.2703125 0.040625 0.08203125
1 0.65859375 0.21640625 0.028125 0.03046875
1 0.67578125 0.265625 0.03828125 0.0921875
1 0.665625 0.34375 0.05 0.02109375
1 0.39296875 0.8 0.0359375 0.05234375
1 0.48046875 0.75703125 0.01953125 0.04296875
1 0.46171875 0.6875 0.01953125 0.17890625
1 0.48359375 0.70703125 0.0265625 0.03828125
1 0.5109375 0.671875 0.01875 0.04765625
1 0.60703125 0.5859375 0.05546875 0.096875
1 0.65703125 0.584375 0.0421875 0.0421875
1 0.6765625 0.45 0.02265625 0.02734375
1 0.196875 0.70234375 0.0328125 0.04453125
1 0.17109375 0.64140625 0.0453125 0.04765625
1 0.24296875 0.4796875 0.046875 0.03125
1 0.1078125 0.66796875 0.0453125 0.028125
1 0.103125 0.696875 0.04765625 0.02734375
1 0.09609375 0.73515625 0.046875 0.0359375
1 0.07265625 0.63203125 0.03984375 0.034375
1 0.05859375 0.67109375 0.01953125 0.01484375
1 0.07890625 0.675 0.00703125 0.01328125
1 0.06171875 0.74453125 0.0265625 0.02578125
1 0.03671875 0.72421875 0.04609375 0.04140625
1 0.0390625 0.5734375 0.02265625 0.0359375
1 0.02109375 0.60234375 0.01484375 0.0140625
1 0.05703125 0.62421875 0.0125 0.01015625
1 0.05078125 0.6390625 0.01484375 0.009375
1 0.08671875 0.55703125 0.015625 0.01484375
1 0.09609375 0.58515625 0.01484375 0.01640625
1 0.103125 0.61015625 0.01328125 0.0171875
1 0.09765625 0.63359375 0.01328125 0.009375
1 0.2765625 0.62734375 0.01640625 0.021875
1 0.30859375 0.6640625 0.02109375 0.025
1 0.32265625 0.684375 0.01875 0.0140625
1 0.3640625 0.7109375 0.01796875 0.0203125
1 0.37265625 0.690625 0.0203125 0.025
1 0.35 0.78125 0.015625 0.01875
1 0.28515625 0.55 0.02734375 0.025
1 0.30625 0.565625 0.025 0.02734375
1 0.309375 0.60625 0.02890625 0.03984375
1 0.35234375 0.61953125 0.021875 0.0203125
1 0.71796875 0.49453125 0.01640625 0.03203125
1 0.71328125 0.446875 0.01953125 0.0265625
1 0.7578125 0.36328125 0.04921875 0.0625
1 0.734375 0.428125 0.04375 0.09921875
1 0.73984375 0.515625 0.0578125 0.10546875
1 0.70234375 0.60546875 0.0453125 0.06875
1 0.790625 0.45703125 0.053125 0.103125
1 0.83359375 0.3890625 0.05390625 0.13125
1 0.87734375 0.209375 0.0375 0.059375
1 0.88515625 0.15546875 0.02265625 0.046875