1 0.64609375 0.1203125 0.11328125 0.08203125
1 0.61875 0.18984375 0.04375 0.03671875
1 0.6109375 0.22890625 0.02890625 0.0484375
1 0.6734375 0.24140625 0.053125 0.046875
1 0.68359375 0.26953125 0.0359375 0.0359375
1 0.840625 0.25546875 0.0609375 0.04453125
1 0.82734375 0.2140625 0.05078125 0.0640625
1 0.7421875 0.35859375 0.05625 0.06015625
1 0.78046875 0.3890625 0.040625 0.0421875
1 0.9265625 0.47578125 0.146875 0.16015625
1 0.875 0.62265625 0.1578125 0.1359375
1 0.7875 0.75859375 0.165625 0.0765625
1 0.68984375 0.85546875 0.03828125 0.04375
1 0.5234375 0.80859375 0.0390625 0.03828125
1 0.41796875 0.71640625 0.01796875 0.02890625
1 0.58515625 0.49296875 0.0171875 0.0203125
1 0.6140625 0.4296875 0.10390625 0.0453125
1 0.57109375 0.365625 0.07890625 0.05390625
1 0.6890625 0.4890625 0.034375 0.03515625
1 0.69921875 0.52265625 0.0390625 0.03671875
1 0.7765625 0.4859375 0.01953125 0.0234375
1 0.5359375 0.4453125 0.034375 0.0265625
1 0.446875 0.4140625 0.03203125 0.01796875
1 0.45234375 0.2578125 0.0359375 0.03203125
1 0.5359375 0.184375 0.028125 0.040625
1 0.31875 0.3984375 0.01953125 0.01875
1 0.353125 0.46953125 0.025 0.028125
1 0.31484375 0.49453125 0.0203125 0.01640625
1 0.3265625 0.625 0.02265625 0.02890625
1 0.3796875 0.6390625 0.01640625 0.01328125
1 0.3625 0.31171875 0.0203125 0.0234375
1 0.36484375 0.36953125 0.01953125 0.02265625
1 0.109375 0.41328125 0.071875 0.08359375
1 0.10859375 0.53203125 0.01875 0.01640625
1 0.08515625 0.5578125 0.0125 0.0140625
1 0.0703125 0.57421875 0.0109375 0.015625
1 0.16953125 0.521875 0.02421875 0.0359375
1 0.2046875 0.50390625 0.02734375 0.0484375
1 0.17890625 0.50546875 0.0109375 0.04375
1 0.1875 0.4953125 0.00703125 0.03984375
1 0.1921875 0.57265625 0.04921875 0.0859375
1 0.1578125 0.709375 0.05234375 0.1
1 0.09921875 0.79609375 0.05 0.09296875
1 0.03125 0.75078125 0.0171875 0.02265625
1 0.0078125 0.68515625 0.015625 0.0453125
1 0.00546875 0.55859375 0.0109375 0.0265625
1 0.05703125 0.60625 0.01953125 0.015625
1 0.159375 0.64296875 0.01171875 0.01484375
1 0.30703125 0.5640625 0.0109375 0.01875