1 0.42421875 0.175 0.0359375 0.04375
1 0.409375 0.09765625 0.03125 0.040625
1 0.44375 0.140625 0.0234375 0.028125
1 0.46875 0.1890625 0.05 0.0546875
1 0.56640625 0.2953125 0.08125 0.134375
1 0.61171875 0.1859375 0.1171875 0.2578125
1 0.8828125 0.35 0.053125 0.0625
1 0.90859375 0.38203125 0.040625 0.0421875
1 0.9359375 0.3484375 0.021875 0.0359375
1 0.95859375 0.425 0.0359375 0.05
1 0.96953125 0.4734375 0.04375 0.028125
1 0.4640625 0.3109375 0.0453125 0.046875
1 0.503125 0.390625 0.040625 0.040625
1 0.55703125 0.584375 0.14375 0.1421875
1 0.41875 0.17578125 0.0359375 0.0390625
1 0.40703125 0.2921875 0.03125 0.046875
1 0.40625 0.3203125 0.021875 0.025
1 0.41875 0.3484375 0.0296875 0.0375
1 0.4140625 0.38359375 0.0296875 0.0421875
1 0.43828125 0.43984375 0.0453125 0.0875
1 0.4125 0.4453125 0.0265625 0.034375
1 0.42578125 0.50078125 0.025 0.025
1 0.43984375 0.5359375 0.0296875 0.05
1 0.47109375 0.54765625 0.0234375 0.025
1 0.42109375 0.575 0.01875 0.025
1 0.45625 0.60078125 0.034375 0.0453125
1 0.4671875 0.653125 0.034375 0.075
1 0.4265625 0.6109375 0.021875 0.0328125
1 0.43359375 0.64609375 0.03125 0.0421875
1 0.43359375 0.5953125 0.0203125 0.0296875
1 0.49140625 0.71640625 0.0296875 0.0390625
1 0.515625 0.69375 0.0234375 0.028125
1 0.45234375 0.76171875 0.0203125 0.0203125
1 0.48984375 0.77265625 0.0203125 0.025
1 0.4859375 0.7921875 0.03125 0.0296875
1 0.5796875 0.7421875 0.0265625 0.03125
1 0.31875 0.721875 0.0296875 0.03125
1 0.30234375 0.62265625 0.025 0.028125
1 0.2796875 0.440625 0.0390625 0.04375
1 0.271875 0.3609375 0.04375 0.04375
1 0.2234375 0.31796875 0.0421875 0.0421875
1 0.184375 0.30546875 0.0296875 0.0265625
1 0.184375 0.3296875 0.0359375 0.0328125
1 0.1484375 0.3390625 0.0375 0.0375
1 0.13046875 0.2671875 0.1046875 0.121875
1 0.09375 0.31171875 0.028125 0.0265625
1 0.05859375 0.29140625 0.0453125 0.040625
1 0.06015625 0.35078125 0.10625 0.1109375
1 0.04765625 0.45390625 0.09375 0.1125
1 0.11484375 0.4859375 0.0234375 0.03125
1 0.17265625 0.55234375 0.034375 0.040625
1 0.2015625 0.48671875 0.0515625 0.0609375
1 0.146875 0.66484375 0.0328125 0.0296875
1 0.15546875 0.7109375 0.021875 0.0359375
1 0.17890625 0.7140625 0.0328125 0.0328125
1 0.1375 0.86875 0.0453125 0.0421875
1 0.08046875 0.7859375 0.025 0.025
1 0.05 0.7515625 0.025 0.0328125
1 0.10703125 0.68203125 0.1 0.2125
1 0.0859375 0.53515625 0.021875 0.025
1 0.08515625 0.57421875 0.03125 0.0328125
1 0.05859375 0.53125 0.0234375 0.0265625
1 0.15 0.90234375 0.03125 0.021875
1 0.071875 0.87578125 0.01875 0.025