1 0.39609375 0.20390625 0.1078125 0.14453125
1 0.009375 0.0234375 0.01796875 0.04375
1 0.13046875 0.2515625 0.06796875 0.05859375
1 0.17578125 0.35859375 0.06015625 0.078125
1 0.25390625 0.4296875 0.0234375 0.0609375
1 0.125 0.5921875 0.04140625 0.0421875
1 0.215625 0.56796875 0.07734375 0.08046875
1 0.196875 0.703125 0.0578125 0.0515625
1 0.24609375 0.63515625 0.0890625 0.090625
1 0.31484375 0.75546875 0.0234375 0.0515625
1 0.2328125 0.90859375 0.0515625 0.03359375
1 0.45234375 0.83828125 0.12890625 0.1796875
1 0.56875 0.70625 0.12109375 0.159375
1 0.53984375 0.5890625 0.03203125 0.03515625
1 0.5875 0.48671875 0.1046875 0.140625
1 0.521875 0.3890625 0.05625 0.0765625
1 0.40625 0.4046875 0.02578125 0.02734375
1 0.38203125 0.440625 0.021875 0.02734375
1 0.3609375 0.4703125 0.0296875 0.02109375
1 0.35234375 0.5203125 0.02734375 0.0234375
1 0.5890625 0.37109375 0.0515625 0.08203125
1 0.55234375 0.3515625 0.0265625 0.06796875
1 0.82890625 0.2203125 0.02734375 0.04453125
1 0.9015625 0.08359375 0.040625 0.02890625
1 0.9453125 0.1796875 0.0359375 0.0328125
1 0.86796875 0.3671875 0.03359375 0.0328125
1 0.93125 0.32265625 0.0546875 0.05859375
1 0.8640625 0.47734375 0.021875 0.02421875
1 0.93046875 0.5828125 0.0375 0.03046875