1 0.42265625 0.19609375 0.1203125 0.153125
1 0.15390625 0.2203125 0.0734375 0.0640625
1 0.1890625 0.33125 0.0671875 0.0828125
1 0.2609375 0.40859375 0.028125 0.0625
1 0.11875 0.559375 0.0453125 0.0453125
1 0.2109375 0.54296875 0.084375 0.0875
1 0.18046875 0.67578125 0.0625 0.05625
1 0.23515625 0.6125 0.096875 0.0984375
1 0.29296875 0.73828125 0.028125 0.053125
1 0.1984375 0.88359375 0.0546875 0.0375
1 0.42265625 0.8328125 0.14375 0.190625
1 0.55078125 0.71171875 0.134375 0.16875
1 0.53203125 0.5921875 0.034375 0.0375
1 0.58828125 0.49453125 0.1171875 0.1484375
1 0.53125 0.39140625 0.0625 0.08125
1 0.41484375 0.396875 0.028125 0.0296875
1 0.3875 0.43046875 0.0234375 0.0296875
1 0.3640625 0.45859375 0.03125 0.0234375
1 0.35078125 0.50703125 0.0296875 0.025
1 0.6 0.3796875 0.0578125 0.0859375
1 0.56484375 0.35703125 0.0328125 0.0703125
1 0.85234375 0.25 0.03125 0.046875
1 0.9359375 0.1203125 0.04375 0.0328125
1 0.971875 0.21953125 0.0390625 0.0359375
1 0.878125 0.4 0.0359375 0.0359375
1 0.9453125 0.3609375 0.059375 0.0625
1 0.86484375 0.509375 0.0234375 0.0265625
1 0.921875 0.6203125 0.040625 0.034375