1 0.3296875 0.36640625 0.0375 0.0609375
1 0.3796875 0.48203125 0.0453125 0.0484375
1 0.40390625 0.50234375 0.0375 0.0421875
1 0.40390625 0.54296875 0.0203125 0.021875
1 0.428125 0.565625 0.028125 0.025
1 0.4890625 0.696875 0.0359375 0.046875
1 0.45078125 0.66484375 0.0234375 0.0265625
1 0.39375 0.7453125 0.0359375 0.0515625
1 0.44765625 0.39453125 0.046875 0.0640625
1 0.459375 0.2609375 0.05 0.059375
1 0.48046875 0.19296875 0.0421875 0.05
1 0.159375 0.046875 0.0265625 0.0390625
1 0.15703125 0.17578125 0.028125 0.0453125
1 0.19375 0.30078125 0.028125 0.0375
1 0.2 0.39375 0.0265625 0.0359375
1 0.59453125 0.153125 0.0296875 0.04375
1 0.58671875 0.22734375 0.0421875 0.0421875
1 0.678125 0.42578125 0.0390625 0.0546875
1 0.65625 0.27890625 0.0296875 0.0390625
1 0.6328125 0.17578125 0.0359375 0.046875
1 0.64140625 0.096875 0.046875 0.0484375
1 0.84296875 0.34453125 0.071875 0.0484375
1 0.78046875 0.20078125 0.034375 0.0453125
1 0.74375 0.11171875 0.03125 0.040625
1 0.76484375 0.01875 0.0328125 0.0375
1 0.825 0.1 0.0515625 0.0703125
1 0.8171875 0.00546875 0.053125 0.0109375
1 0.03984375 0.12890625 0.0375 0.0453125
1 0.096875 0.365625 0.0296875 0.046875