1 0.796875 0.4140625 0.11796875 0.1484375
1 0.73515625 0.57109375 0.096875 0.15234375
1 0.671875 0.71953125 0.1046875 0.159375
1 0.546875 0.27109375 0.06796875 0.0859375
1 0.73828125 0.2078125 0.10703125 0.09609375
1 0.90546875 0.31953125 0.0390625 0.0609375
1 0.9828125 0.4953125 0.034375 0.03984375
1 0.9609375 0.77421875 0.0265625 0.02578125
1 0.94921875 0.80703125 0.0828125 0.03359375
1 0.96328125 0.3 0.05703125 0.05625
1 0.96796875 0.23203125 0.0640625 0.0953125
1 0.61953125 0.0875 0.03828125 0.0421875
1 0.6625 0.11171875 0.03515625 0.03828125
1 0.69375 0.146875 0.04375 0.040625
1 0.56484375 0.08046875 0.06796875 0.08671875
1 0.5015625 0.4203125 0.01796875 0.03671875
1 0.51875 0.43984375 0.01796875 0.0375
1 0.540625 0.4703125 0.01484375 0.0203125
1 0.509375 0.5875 0.02109375 0.05234375
1 0.5234375 0.61953125 0.0234375 0.0359375
1 0.5359375 0.64140625 0.02265625 0.0203125
1 0.4796875 0.71875 0.03671875 0.121875
1 0.43984375 0.5109375 0.0171875 0.0203125
1 0.4828125 0.4078125 0.01015625 0.01640625
1 0.45390625 0.35078125 0.0109375 0.0234375
1 0.49609375 0.27421875 0.01328125 0.03359375
1 0.453125 0.2421875 0.01171875 0.02109375
1 0.4625 0.25625 0.01171875 0.02890625
1 0.475 0.2578125 0.02734375 0.06796875
1 0.4484375 0.1921875 0.01796875 0.0265625
1 0.46640625 0.21015625 0.0171875 0.03359375
1 0.30859375 0.54765625 0.00625 0.009375
1 0.3203125 0.54609375 0.0078125 0.00859375
1 0.33203125 0.53984375 0.00546875 0.009375
1 0.34609375 0.5296875 0.00625 0.00859375
1 0.35546875 0.52578125 0.00546875 0.009375
1 0.37109375 0.51796875 0.00625 0.009375
1 0.3765625 0.54140625 0.00546875 0.0078125
1 0.375 0.56015625 0.003125 0.01015625
1 0.29609375 0.5546875 0.00703125 0.009375
1 0.29609375 0.54140625 0.00625 0.00859375
1 0.2890625 0.56953125 0.00625 0.00859375
1 0.2890625 0.5859375 0.00703125 0.00625
1 0.2828125 0.60859375 0.003125 0.00390625
1 0.21796875 0.55 0.00703125 0.009375
1 0.21796875 0.5640625 0.00859375 0.0109375
1 0.215625 0.5828125 0.0078125 0.009375
1 0.190625 0.5609375 0.00859375 0.00859375
1 0.190625 0.5421875 0.01015625 0.00625
1 0.13515625 0.5875 0.02109375 0.03828125
1 0.134375 0.62265625 0.02109375 0.028125
1 0.13984375 0.6625 0.01796875 0.03125
1 0.1453125 0.540625 0.01796875 0.025
1 0.03515625 0.5109375 0.01796875 0.0171875
1 0.01875 0.5234375 0.015625 0.01953125
1 0.0109375 0.54609375 0.01796875 0.01640625
1 0.01171875 0.49140625 0.015625 0.0125
1 0.0203125 0.6328125 0.01015625 0.021875
1 0.0421875 0.628125 0.015625 0.0125
1 0.08671875 0.6078125 0.02265625 0.0265625
1 0.0421875 0.678125 0.009375 0.0109375
1 0.103125 0.6578125 0.04453125 0.034375
1 0.08046875 0.70859375 0.0265625 0.0265625