1 0.34140625 0.28359375 0.0484375 0.0546875
1 0.3609375 0.39609375 0.028125 0.0328125
1 0.37578125 0.41484375 0.028125 0.028125
1 0.37109375 0.45234375 0.0234375 0.021875
1 0.4171875 0.46875 0.0515625 0.046875
1 0.478125 0.49140625 0.0296875 0.0265625
1 0.48515625 0.53046875 0.0421875 0.0421875
1 0.39296875 0.64609375 0.0359375 0.0421875
1 0.5546875 0.353125 0.0296875 0.040625
1 0.33515625 0.1546875 0.0421875 0.046875
1 0.346875 0.196875 0.021875 0.0296875
1 0.34921875 0.08125 0.04375 0.053125
1 0.45625 0.2125 0.046875 0.05625
1 0.50390625 0.30546875 0.025 0.0484375
1 0.44140625 0.2765625 0.0203125 0.0328125
1 0.47109375 0.35234375 0.065625 0.125
1 0.53984375 0.50625 0.0203125 0.0296875
1 0.5703125 0.42890625 0.0234375 0.028125
1 0.60703125 0.4484375 0.0296875 0.03125
1 0.5890625 0.38671875 0.0265625 0.0390625
1 0.58359375 0.33828125 0.025 0.0328125
1 0.61875 0.30546875 0.025 0.0234375
1 0.565625 0.30703125 0.0234375 0.04375
1 0.490625 0.1515625 0.0296875 0.0375
1 0.42734375 0.1015625 0.03125 0.0390625
1 0.45859375 0.0984375 0.028125 0.0296875
1 0.4859375 0.1 0.025 0.028125
1 0.6578125 0.3640625 0.0328125 0.034375
1 0.7109375 0.321875 0.015625 0.0234375
1 0.7140625 0.4 0.0359375 0.0421875
1 0.7015625 0.55 0.0390625 0.0609375
1 0.69140625 0.59140625 0.0390625 0.0484375
1 0.66328125 0.6203125 0.01875 0.0265625
1 0.6078125 0.5671875 0.05 0.0890625
1 0.62109375 0.525 0.0484375 0.059375
1 0.63359375 0.56875 0.01875 0.0171875
1 0.5578125 0.78828125 0.0375 0.05625
1 0.409375 0.81796875 0.0203125 0.0265625
1 0.765625 0.62265625 0.065625 0.1015625
1 0.7765625 0.68828125 0.0640625 0.0984375
1 0.76328125 0.578125 0.021875 0.0359375
1 0.709375 0.51484375 0.0359375 0.0578125
1 0.78203125 0.49921875 0.021875 0.0359375
1 0.81796875 0.55859375 0.046875 0.103125
1 0.7421875 0.38359375 0.01875 0.0265625
1 0.77265625 0.38359375 0.01875 0.028125
1 0.8109375 0.47421875 0.021875 0.03125
1 0.83515625 0.5359375 0.0203125 0.03125
1 0.846875 0.62734375 0.0203125 0.0328125
1 0.8765625 0.6984375 0.0203125 0.034375
1 0.8984375 0.7625 0.021875 0.034375
1 0.9390625 0.73125 0.0140625 0.01875
1 0.93984375 0.33359375 0.0328125 0.034375
1 0.91640625 0.35546875 0.021875 0.025
1 0.875 0.409375 0.0390625 0.04375
1 0.9 0.40234375 0.028125 0.028125
1 0.9375 0.39453125 0.0484375 0.0515625
1 0.84921875 0.4421875 0.03125 0.0421875
1 0.7953125 0.43828125 0.0125 0.01875
1 0.859375 0.48046875 0.040625 0.06875
1 0.97265625 0.44453125 0.0546875 0.0734375
1 0.96171875 0.471875 0.0328125 0.0375
1 0.92109375 0.453125 0.0265625 0.025
1 0.95625 0.503125 0.025 0.025
1 0.88125 0.53203125 0.0234375 0.028125
1 0.87578125 0.5703125 0.040625 0.0625
1 0.90703125 0.61796875 0.0375 0.0609375
1 0.8921875 0.6234375 0.0265625 0.04375
1 0.8765625 0.61015625 0.015625 0.0171875
1 0.85859375 0.534375 0.015625 0.0234375
1 0.84765625 0.52265625 0.0125 0.0171875
1 0.884375 0.54921875 0.0125 0.009375
1 0.8859375 0.6515625 0.0125 0.0171875
1 0.90625 0.66171875 0.0234375 0.040625
1 0.90546875 0.68046875 0.0078125 0.009375
1 0.98515625 0.6875 0.028125 0.025
1 0.97890625 0.615625 0.0328125 0.0296875
1 0.98046875 0.58359375 0.0390625 0.0546875
1 0.9671875 0.5546875 0.0484375 0.046875
1 0.38515625 0.68203125 0.028125 0.0359375
1 0.3671875 0.15078125 0.03125 0.0390625
1 0.38359375 0.08828125 0.025 0.0265625
1 0.41796875 0.13203125 0.015625 0.0203125
1 0.35546875 0.0390625 0.01875 0.0171875
1 0.3375 0.028125 0.0234375 0.0140625
1 0.684375 0.69453125 0.0203125 0.0296875
1 0.67890625 0.78125 0.01875 0.0328125