1 0.14140625 0.12421875 0.053125 0.05
1 0.0875 0.18125 0.0375 0.046875
1 0.325 0.16015625 0.0515625 0.05
1 0.33984375 0.115625 0.0859375 0.059375
1 0.1484375 0.07578125 0.071875 0.0453125
1 0.4140625 0.275 0.0390625 0.0453125
1 0.35859375 0.24375 0.0359375 0.040625
1 0.39140625 0.35703125 0.0390625 0.0421875
1 0.4265625 0.40859375 0.0703125 0.0890625
1 0.4296875 0.4484375 0.0578125 0.084375
1 0.48515625 0.47890625 0.0234375 0.0265625
1 0.45859375 0.4671875 0.03125 0.05625
1 0.4578125 0.5 0.0359375 0.0703125
1 0.4046875 0.5671875 0.034375 0.034375
1 0.43203125 0.671875 0.0296875 0.0359375
1 0.49140625 0.60390625 0.034375 0.0359375
1 0.54296875 0.62421875 0.0421875 0.0578125
1 0.5109375 0.68046875 0.025 0.0234375
1 0.50625 0.73671875 0.0234375 0.01875
1 0.553125 0.73125 0.03125 0.0203125
1 0.596875 0.63125 0.084375 0.0890625
1 0.59140625 0.6984375 0.0234375 0.03125
1 0.62890625 0.740625 0.0265625 0.021875
1 0.5625 0.76953125 0.01875 0.021875
1 0.4859375 0.54921875 0.065625 0.078125
1 0.5265625 0.51328125 0.0328125 0.0484375
1 0.5390625 0.4359375 0.0515625 0.0734375
1 0.55546875 0.32265625 0.0796875 0.096875
1 0.534375 0.19296875 0.0546875 0.05
1 0.6203125 0.1796875 0.059375 0.084375
1 0.57734375 0.221875 0.0421875 0.040625
1 0.58828125 0.2640625 0.028125 0.0296875
1 0.6328125 0.29140625 0.0359375 0.040625
1 0.58984375 0.40703125 0.0328125 0.0375
1 0.6546875 0.3765625 0.0484375 0.0515625
1 0.66875 0.428125 0.0578125 0.046875
1 0.6671875 0.4828125 0.0234375 0.0265625
1 0.6484375 0.56328125 0.021875 0.0171875
1 0.5828125 0.51796875 0.01875 0.0265625
1 0.85625 0.3953125 0.071875 0.065625
1 0.83984375 0.45 0.0640625 0.059375
1 0.815625 0.509375 0.046875 0.0453125
1 0.759375 0.3171875 0.08125 0.0921875
1 0.69296875 0.221875 0.1234375 0.1296875
1 0.66640625 0.20390625 0.0375 0.0515625
1 0.6640625 0.128125 0.046875 0.0390625
1 0.6890625 0.06328125 0.04375 0.046875
1 0.6375 0.03515625 0.046875 0.065625
1 0.70625 0.01484375 0.0625 0.0296875
1 0.7328125 0.115625 0.078125 0.084375
1 0.7796875 0.22890625 0.134375 0.128125
1 0.87109375 0.028125 0.0984375 0.05625
1 0.96640625 0.459375 0.025 0.0234375
1 0.940625 0.5921875 0.109375 0.0953125
1 0.90078125 0.66796875 0.1125 0.084375
1 0.33046875 0.38125 0.0359375 0.0375
1 0.34140625 0.42578125 0.0296875 0.0390625
1 0.346875 0.47421875 0.0234375 0.0328125
1 0.38984375 0.5828125 0.0140625 0.0171875
1 0.36484375 0.690625 0.0203125 0.0203125
1 0.25078125 0.6953125 0.009375 0.0109375
1 0.12109375 0.6859375 0.059375 0.05625
1 0.04296875 0.53125 0.0265625 0.0296875
1 0.1484375 0.54765625 0.0453125 0.059375
1 0.23203125 0.5234375 0.0296875 0.0296875
1 0.259375 0.546875 0.0484375 0.034375
1 0.19140625 0.4453125 0.128125 0.1171875
1 0.2078125 0.27734375 0.1359375 0.1125
1 0.13046875 0.2265625 0.15 0.1203125
1 0.0625 0.41953125 0.125 0.1796875