1 0.11796875 0.14375 0.128125 0.1796875
1 0.2328125 0.184375 0.153125 0.1359375
1 0.14609375 0.20625 0.0453125 0.0515625
1 0.20234375 0.28828125 0.14375 0.109375
1 0.1515625 0.3390625 0.0421875 0.04375
1 0.26875 0.34453125 0.0390625 0.0515625
1 0.31015625 0.28671875 0.0578125 0.0640625
1 0.28203125 0.3890625 0.0359375 0.0515625
1 0.2796875 0.4328125 0.0390625 0.0546875
1 0.240625 0.428125 0.05 0.0671875
1 0.278125 0.48515625 0.0390625 0.028125
1 0.328125 0.52890625 0.0421875 0.040625
1 0.32734375 0.3796875 0.0421875 0.0515625
1 0.390625 0.38828125 0.06875 0.09375
1 0.40859375 0.12109375 0.146875 0.1609375
1 0.56640625 0.21328125 0.1328125 0.184375
1 0.4796875 0.16328125 0.075 0.0734375
1 0.49921875 0.10078125 0.046875 0.046875
1 0.01328125 0.4703125 0.0265625 0.065625
1 0.234375 0.70703125 0.0390625 0.0390625
1 0.346875 0.69453125 0.0703125 0.084375
1 0.296875 0.6171875 0.1453125 0.1609375
1 0.37578125 0.559375 0.0640625 0.090625
1 0.41171875 0.59765625 0.053125 0.04375
1 0.47578125 0.6046875 0.0234375 0.028125
1 0.4671875 0.5375 0.053125 0.0859375
1 0.57265625 0.559375 0.0875 0.1140625
1 0.5296875 0.43515625 0.0734375 0.1421875
1 0.584375 0.49609375 0.065625 0.0609375
1 0.5578125 0.390625 0.0265625 0.0390625
1 0.4625 0.35546875 0.034375 0.0515625
1 0.46640625 0.44765625 0.0203125 0.0296875
1 0.56015625 0.7125 0.0515625 0.0703125
1 0.5046875 0.70078125 0.0453125 0.0484375
1 0.5390625 0.74453125 0.0421875 0.040625
1 0.72109375 0.67890625 0.13125 0.1453125
1 0.72578125 0.621875 0.1515625 0.121875
1 0.78203125 0.5 0.078125 0.1078125
1 0.69609375 0.54765625 0.08125 0.109375
1 0.76875 0.1875 0.1859375 0.1375
1 0.7421875 0.08515625 0.265625 0.1703125
1 0.88046875 0.2984375 0.140625 0.1171875
1 0.90625 0.4578125 0.021875 0.0265625
1 0.9234375 0.0734375 0.025 0.05
1 0.52265625 0.81484375 0.1234375 0.1046875
1 0.15703125 0.5765625 0.025 0.0296875
1 0.10078125 0.81171875 0.121875 0.121875