1 0.44296875 0.21953125 0.0328125 0.03125
1 0.459375 0.23125 0.028125 0.0234375
1 0.51796875 0.2234375 0.028125 0.04375
1 0.45625 0.27421875 0.0171875 0.0296875
1 0.5046875 0.2640625 0.0234375 0.028125
1 0.50078125 0.29765625 0.0234375 0.0328125
1 0.48203125 0.284375 0.025 0.0375
1 0.475 0.33984375 0.015625 0.025
1 0.51484375 0.3328125 0.0296875 0.096875
1 0.50234375 0.378125 0.0296875 0.05625
1 0.53671875 0.284375 0.015625 0.015625
1 0.45703125 0.41328125 0.0203125 0.028125
1 0.46484375 0.44140625 0.0234375 0.0296875
1 0.48125 0.41171875 0.021875 0.046875
1 0.4921875 0.48515625 0.021875 0.025
1 0.47734375 0.50078125 0.0171875 0.0203125
1 0.478125 0.5265625 0.025 0.0328125
1 0.43203125 0.5125 0.0234375 0.0328125
1 0.4640625 0.54921875 0.01875 0.028125
1 0.46875 0.58671875 0.0140625 0.021875
1 0.44453125 0.6140625 0.021875 0.028125
1 0.43515625 0.653125 0.01875 0.0203125
1 0.40703125 0.7046875 0.015625 0.0265625
1 0.40078125 0.6828125 0.0171875 0.021875
1 0.415625 0.50234375 0.028125 0.0515625
1 0.43671875 0.4796875 0.0140625 0.0171875
1 0.5984375 0.578125 0.028125 0.0359375
1 0.534375 0.59765625 0.128125 0.2078125
1 0.5171875 0.7359375 0.09375 0.096875
1 0.36484375 0.7390625 0.0140625 0.0234375
1 0.3453125 0.74609375 0.021875 0.0296875
1 0.33046875 0.7421875 0.0140625 0.01875
1 0.565625 0.79609375 0.0171875 0.0234375
1 0.6453125 0.79765625 0.0171875 0.0265625
1 0.6609375 0.79609375 0.0203125 0.025
1 0.3796875 0.53515625 0.01875 0.0265625
1 0.2890625 0.4828125 0.040625 0.0703125
1 0.33359375 0.38828125 0.0265625 0.03125
1 0.28359375 0.36875 0.0203125 0.03125
1 0.30078125 0.28203125 0.040625 0.0625
1 0.3265625 0.21953125 0.0515625 0.075
1 0.5953125 0.465625 0.065625 0.071875
1 0.5875 0.315625 0.0703125 0.103125
1 0.58828125 0.39765625 0.075 0.13125
1 0.64296875 0.26796875 0.0625 0.09375
1 0.6828125 0.2875 0.046875 0.05625
1 0.678125 0.24921875 0.0234375 0.0296875
1 0.68515625 0.325 0.021875 0.0375
1 0.67890625 0.35859375 0.015625 0.0203125
1 0.68671875 0.3671875 0.0140625 0.01875
1 0.69296875 0.35078125 0.0171875 0.015625
1 0.72265625 0.3015625 0.03125 0.0375
1 0.7125 0.3140625 0.015625 0.021875
1 0.709375 0.35234375 0.015625 0.0265625
1 0.7078125 0.39453125 0.0171875 0.028125
1 0.7328125 0.396875 0.0390625 0.071875
1 0.63828125 0.453125 0.05625 0.1375
1 0.61953125 0.55859375 0.0328125 0.04375
1 0.68671875 0.7125 0.04375 0.0390625
1 0.6546875 0.71875 0.0171875 0.028125
1 0.68984375 0.64296875 0.021875 0.0375
1 0.71484375 0.57890625 0.015625 0.025
1 0.784375 0.60390625 0.0140625 0.0140625
1 0.80078125 0.63359375 0.0203125 0.01875
1 0.825 0.57265625 0.021875 0.0328125
1 0.86796875 0.55859375 0.015625 0.01875
1 0.890625 0.5390625 0.0171875 0.015625
1 0.9625 0.503125 0.034375 0.0328125
1 0.95859375 0.5421875 0.01875 0.0171875
1 0.97109375 0.61015625 0.028125 0.0265625
1 0.90625 0.6265625 0.01875 0.01875
1 0.81875 0.61171875 0.0171875 0.01875
1 0.6546875 0.76875 0.015625 0.0203125
1 0.16015625 0.30625 0.021875 0.0296875
1 0.1796875 0.29375 0.0296875 0.0296875
1 0.1953125 0.31875 0.021875 0.0234375
1 0.175 0.33046875 0.0125 0.0203125
1 0.171875 0.35625 0.01875 0.0203125
1 0.20234375 0.39140625 0.0375 0.0359375
1 0.19296875 0.428125 0.04375 0.0640625
1 0.225 0.4546875 0.0421875 0.0484375
1 0.26015625 0.48515625 0.0359375 0.0578125
1 0.2359375 0.51328125 0.0515625 0.05625
1 0.196875 0.48515625 0.0453125 0.0546875
1 0.1375 0.41484375 0.0234375 0.0484375
1 0.14765625 0.43046875 0.021875 0.0375
1 0.16796875 0.40234375 0.021875 0.0328125
1 0.16328125 0.43828125 0.01875 0.034375
1 0.13828125 0.4546875 0.01875 0.04375
1 0.153125 0.4953125 0.05 0.034375
1 0.1953125 0.52421875 0.0515625 0.0296875
1 0.24375 0.54609375 0.046875 0.034375
1 0.34375 0.25546875 0.0140625 0.0296875
1 0.33671875 0.30546875 0.01875 0.0234375