1 0.06875 0.01953125 0.0359375 0.0359375
1 0.16640625 0.028125 0.0328125 0.03515625
1 0.55546875 0.12734375 0.0328125 0.04296875
1 0.53515625 0.23125 0.02109375 0.04296875
1 0.51875 0.34296875 0.021875 0.04375
1 0.46484375 0.32421875 0.03671875 0.05078125
1 0.55390625 0.38359375 0.01953125 0.05859375
1 0.6578125 0.41640625 0.1078125 0.065625
1 0.49765625 0.45390625 0.03671875 0.05390625
1 0.3578125 0.51640625 0.07734375 0.17890625
1 0.43671875 0.575 0.08984375 0.1796875
1 0.48046875 0.5765625 0.028125 0.04765625
1 0.53359375 0.6 0.0734375 0.09296875
1 0.46796875 0.69609375 0.0703125 0.0828125
1 0.44453125 0.74375 0.04453125 0.05078125
1 0.61875 0.67578125 0.0296875 0.0484375
1 0.5859375 0.18359375 0.01796875 0.02734375
1 0.6140625 0.0828125 0.04375 0.05078125
1 0.88984375 0.4515625 0.07578125 0.1609375
1 0.78984375 0.4953125 0.13359375 0.14453125
1 0.784375 0.4 0.09453125 0.059375
1 0.16875 0.15703125 0.11640625 0.07109375
1 0.178125 0.2984375 0.2109375 0.25
1 0.20703125 0.49609375 0.065625 0.11328125
1 0.26875 0.6125 0.10390625 0.2578125
1 0.11328125 0.71171875 0.2265625 0.26328125
1 0.0609375 0.3234375 0.0796875 0.13984375
1 0.02734375 0.42265625 0.0515625 0.321875
1 0.09765625 0.48828125 0.12734375 0.278125
1 0.41484375 0.13125 0.19140625 0.2625
1 0.396875 0.79609375 0.02578125 0.0265625
1 0.49453125 0.83828125 0.015625 0.0234375
1 0.45703125 0.87890625 0.02109375 0.02265625
1 0.57890625 0.9 0.02265625 0.02578125