1 0.09453125 0.496875 0.0515625 0.05625
1 0.02734375 0.4125 0.0328125 0.0328125
1 0.33125 0.4015625 0.0890625 0.078125
1 0.38125 0.46171875 0.1015625 0.0734375
1 0.47578125 0.4109375 0.059375 0.0625
1 0.503125 0.4421875 0.0421875 0.046875
1 0.603125 0.50859375 0.121875 0.146875
1 0.5765625 0.62734375 0.125 0.1203125
1 0.53671875 0.72890625 0.140625 0.09375
1 0.48203125 0.8234375 0.0515625 0.05
1 0.3375 0.82734375 0.0484375 0.04375
1 0.2109375 0.7609375 0.0359375 0.046875
1 0.7671875 0.78359375 0.115625 0.14375
1 0.6859375 0.4984375 0.0921875 0.0984375
1 0.5234375 0.2984375 0.0609375 0.05625
1 0.53828125 0.3390625 0.0421875 0.046875
1 0.353125 0.2765625 0.0390625 0.04375
1 0.3578125 0.24296875 0.034375 0.0390625
1 0.4203125 0.30390625 0.04375 0.046875
1 0.42109375 0.33125 0.0375 0.040625
1 0.3703125 0.17734375 0.1203125 0.1046875
1 0.2765625 0.2125 0.046875 0.046875
1 0.18203125 0.25546875 0.028125 0.034375
1 0.2015625 0.2734375 0.03125 0.0359375
1 0.30859375 0.47734375 0.0390625 0.034375
1 0.2109375 0.4390625 0.0484375 0.0390625
1 0.03828125 0.5296875 0.0390625 0.03125
1 0.03984375 0.61171875 0.0234375 0.0296875
1 0.07890625 0.68359375 0.0390625 0.0359375
1 0.1546875 0.684375 0.0234375 0.021875
1 0.359375 0.52578125 0.0203125 0.0203125
1 0.44765625 0.52890625 0.0375 0.034375
1 0.45703125 0.55234375 0.0375 0.03125
1 0.50859375 0.5234375 0.0203125 0.021875