1 0.40546875 0.47578125 0.040625 0.0359375
1 0.47890625 0.4703125 0.0140625 0.021875
1 0.41875 0.41171875 0.0375 0.0375
1 0.47109375 0.39375 0.040625 0.0546875
1 0.5140625 0.38125 0.0265625 0.0421875
1 0.421875 0.51875 0.01875 0.0234375
1 0.42109375 0.3421875 0.0359375 0.034375
1 0.4328125 0.25859375 0.01875 0.03125
1 0.45546875 0.240625 0.015625 0.0296875
1 0.5109375 0.30078125 0.025 0.0515625
1 0.48046875 0.32109375 0.04375 0.059375
1 0.53984375 0.53046875 0.040625 0.034375
1 0.5515625 0.5890625 0.0578125 0.06875
1 0.56875 0.6734375 0.0765625 0.1
1 0.5046875 0.5421875 0.0390625 0.05625
1 0.4734375 0.278125 0.0421875 0.05
1 0.51015625 0.259375 0.04375 0.05625
1 0.47734375 0.22109375 0.021875 0.034375
1 0.4984375 0.22578125 0.0265625 0.0359375
1 0.57421875 0.2421875 0.01875 0.0390625
1 0.59609375 0.26171875 0.021875 0.03125
1 0.5796875 0.3078125 0.021875 0.0359375
1 0.60234375 0.321875 0.0234375 0.0328125
1 0.5890625 0.3828125 0.0234375 0.04375
1 0.61015625 0.38828125 0.0203125 0.0390625
1 0.59609375 0.4640625 0.0203125 0.0359375
1 0.61640625 0.4625 0.0203125 0.0328125
1 0.61796875 0.49921875 0.0171875 0.028125
1 0.60859375 0.53046875 0.0234375 0.028125
1 0.62734375 0.5390625 0.0203125 0.0234375
1 0.6171875 0.58125 0.01875 0.0203125
1 0.634375 0.5859375 0.0171875 0.0234375
1 0.6203125 0.6296875 0.01875 0.028125
1 0.63828125 0.63671875 0.0171875 0.021875
1 0.6421875 0.68359375 0.0171875 0.025
1 0.68359375 0.70234375 0.0296875 0.0265625
1 0.65390625 0.41640625 0.009375 0.0296875
1 0.646875 0.4921875 0.0140625 0.0234375
1 0.6578125 0.5140625 0.0171875 0.021875
1 0.66640625 0.43125 0.009375 0.046875
1 0.68125 0.45234375 0.0203125 0.034375
1 0.6859375 0.4296875 0.025 0.0328125
1 0.153125 0.4984375 0.01875 0.0203125
1 0.175 0.52734375 0.0359375 0.03125
1 0.21015625 0.565625 0.03125 0.028125
1 0.24140625 0.58984375 0.0125 0.0171875
1 0.1953125 0.62734375 0.01875 0.0234375
1 0.2046875 0.65234375 0.028125 0.0328125
1 0.2171875 0.61484375 0.0078125 0.0171875
1 0.26875 0.5171875 0.025 0.0359375
1 0.2578125 0.56015625 0.03125 0.0296875
1 0.26328125 0.5953125 0.0234375 0.03125
1 0.2859375 0.56640625 0.015625 0.0234375
1 0.29609375 0.5765625 0.0171875 0.015625
1 0.28984375 0.59296875 0.0203125 0.0140625
1 0.29140625 0.5234375 0.015625 0.009375
1 0.2859375 0.50546875 0.0109375 0.015625
1 0.265625 0.48359375 0.01875 0.0296875
1 0.24140625 0.5125 0.021875 0.0265625
1 0.23203125 0.528125 0.021875 0.0265625
1 0.3 0.54921875 0.0109375 0.0140625
1 0.30234375 0.5328125 0.0140625 0.009375
1 0.303125 0.5109375 0.015625 0.0171875
1 0.30625 0.5015625 0.015625 0.0125
1 0.1359375 0.496875 0.0140625 0.015625
1 0.1171875 0.5078125 0.015625 0.0125
1 0.125 0.52734375 0.0234375 0.015625
1 0.09296875 0.5421875 0.046875 0.0125
1 0.1171875 0.5578125 0.0375 0.03125
1 0.0953125 0.5765625 0.028125 0.0234375
1 0.04921875 0.5765625 0.0203125 0.0125
1 0.04609375 0.5921875 0.0234375 0.01875
1 0.08203125 0.6359375 0.015625 0.015625
1 0.11328125 0.6078125 0.021875 0.01875
1 0.1 0.62265625 0.015625 0.0140625
1 0.10546875 0.6671875 0.03125 0.0203125
1 0.0828125 0.684375 0.0328125 0.01875
1 0.1078125 0.49296875 0.0109375 0.009375
1 0.1 0.51640625 0.0125 0.0140625
1 0.0765625 0.51875 0.025 0.01875
1 0.08828125 0.5328125 0.0171875 0.0125
1 0.05234375 0.51953125 0.015625 0.0125
1 0.0484375 0.53359375 0.0140625 0.0078125
1 0.05859375 0.5515625 0.01875 0.009375
1 0.04296875 0.5 0.03125 0.01875
1 0.01953125 0.53984375 0.03125 0.034375
1 0.01640625 0.57578125 0.0234375 0.015625
1 0.02890625 0.6109375 0.009375 0.0078125
1 0.17734375 0.5609375 0.0078125 0.0109375
1 0.2390625 0.61328125 0.0046875 0.0109375
1 0.25 0.63515625 0.0078125 0.0046875
1 0.3171875 0.52734375 0.015625 0.0125
1 0.3265625 0.55 0.01875 0.0359375
1 0.34296875 0.578125 0.0125 0.021875
1 0.321875 0.58359375 0.015625 0.0140625
1 0.33125 0.57578125 0.0203125 0.03125
1 0.325 0.609375 0.021875 0.0234375
1 0.303125 0.621875 0.0078125 0.0125
1 0.30234375 0.6578125 0.021875 0.0125
1 0.35859375 0.59609375 0.0078125 0.0140625
1 0.36796875 0.57421875 0.028125 0.0328125
1 0.39453125 0.52109375 0.00625 0.0109375
1 0.390625 0.53515625 0.009375 0.0109375
1 0.384375 0.54921875 0.0109375 0.009375
1 0.3859375 0.56015625 0.0171875 0.0171875
1 0.7125 0.5140625 0.0140625 0.0265625
1 0.71171875 0.5421875 0.0078125 0.0078125
1 0.709375 0.52890625 0.00625 0.00625
1 0.75234375 0.5296875 0.0140625 0.0265625
1 0.7515625 0.559375 0.009375 0.021875
1 0.7328125 0.55390625 0.0046875 0.0109375
1 0.725 0.57265625 0.0046875 0.0125
1 0.73984375 0.5546875 0.0109375 0.015625
1 0.73515625 0.584375 0.0140625 0.0421875
1 0.746875 0.5765625 0.01875 0.028125
1 0.72890625 0.5890625 0.009375 0.0078125
1 0.72890625 0.60234375 0.0046875 0.009375
1 0.7515625 0.62109375 0.0109375 0.0109375
1 0.74296875 0.6265625 0.0109375 0.0203125
1 0.81640625 0.6078125 0.0171875 0.0171875
1 0.83125 0.6265625 0.0171875 0.01875
1 0.7671875 0.63359375 0.01875 0.0125
1 0.75 0.65546875 0.015625 0.0171875
1 0.75 0.64296875 0.0125 0.0125
1 0.759375 0.66484375 0.0078125 0.0109375
1 0.77109375 0.64375 0.0234375 0.0125
1 0.7734375 0.6609375 0.0203125 0.0109375