1 0.3859375 0.11015625 0.0921875 0.0609375
1 0.34296875 0.22265625 0.0453125 0.071875
1 0.29765625 0.43984375 0.0578125 0.0640625
1 0.51953125 0.32265625 0.0546875 0.0484375
1 0.54140625 0.42109375 0.053125 0.059375
1 0.60234375 0.48203125 0.025 0.0421875
1 0.55 0.5984375 0.065625 0.071875
1 0.57265625 0.68125 0.0828125 0.0796875
1 0.471875 0.615625 0.03125 0.040625
1 0.53203125 0.72421875 0.0625 0.059375
1 0.634375 0.79375 0.0328125 0.0359375
1 0.54921875 0.92734375 0.0375 0.034375
1 0.73125 0.2796875 0.090625 0.1359375
1 0.92578125 0.5546875 0.134375 0.1453125
1 0.9234375 0.4359375 0.0609375 0.078125
1 0.88046875 0.42421875 0.0390625 0.059375
1 0.86015625 0.43671875 0.0546875 0.0625
1 0.84375 0.46015625 0.0703125 0.0609375
1 0.8671875 0.6609375 0.0359375 0.034375
1 0.90234375 0.77109375 0.14375 0.1734375
1 0.7671875 0.8890625 0.171875 0.1765625
1 0.5296875 0.72578125 0.0515625 0.053125
1 0.63515625 0.79296875 0.0453125 0.0390625
1 0.54765625 0.925 0.0375 0.0328125
1 0.16484375 0.090625 0.059375 0.053125
1 0.0609375 0.090625 0.034375 0.065625
1 0.09765625 0.4453125 0.046875 0.0640625