1 0.69140625 0.6578125 0.0515625 0.06015625
1 0.94296875 0.76328125 0.1140625 0.1484375
1 0.584375 0.671875 0.121875 0.19140625
1 0.6859375 0.53046875 0.02421875 0.025
1 0.81015625 0.2421875 0.05234375 0.05234375
1 0.74609375 0.1671875 0.0359375 0.05
1 0.6390625 0.128125 0.121875 0.05859375
1 0.68046875 0.27578125 0.0625 0.18515625
1 0.7375 0.28984375 0.07265625 0.125
1 0.5109375 0.4984375 0.025 0.02578125
1 0.39765625 0.22890625 0.12734375 0.1734375
1 0.29921875 0.2390625 0.059375 0.209375
1 0.31875 0.30859375 0.0625 0.075
1 0.253125 0.3140625 0.0359375 0.1109375
1 0.18984375 0.29375 0.0265625 0.0671875
1 0.06875 0.4921875 0.03671875 0.04296875
1 0.10234375 0.528125 0.02734375 0.053125
1 0.45390625 0.659375 0.06875 0.20546875
1 0.38515625 0.6453125 0.09921875 0.22421875
1 0.06484375 0.8453125 0.04296875 0.0546875
1 0.51796875 0.18515625 0.0359375 0.02578125
1 0.521875 0.159375 0.0359375 0.034375
1 0.49765625 0.15546875 0.028125 0.034375