1 0.015625 0.21328125 0.03125 0.1078125
1 0.1078125 0.24921875 0.0796875 0.0953125
1 0.034375 0.2859375 0.06875 0.065625
1 0.2109375 0.36328125 0.040625 0.0515625
1 0.31953125 0.40390625 0.08125 0.09375
1 0.3859375 0.43359375 0.0625 0.10625
1 0.38203125 0.5359375 0.0640625 0.11875
1 0.49765625 0.54296875 0.0609375 0.078125
1 0.3765625 0.31796875 0.0328125 0.0453125
1 0.47578125 0.26875 0.04375 0.046875
1 0.52734375 0.2515625 0.0328125 0.0703125
1 0.69921875 0.15234375 0.08125 0.1546875
1 0.64765625 0.1796875 0.0375 0.075
1 0.61796875 0.21953125 0.03125 0.0640625
1 0.58671875 0.240625 0.0390625 0.0703125
1 0.55703125 0.23359375 0.0328125 0.059375
1 0.56640625 0.34453125 0.0671875 0.1328125
1 0.65859375 0.425 0.03125 0.040625
1 0.7015625 0.43984375 0.0234375 0.03125
1 0.825 0.3703125 0.08125 0.0515625
1 0.85 0.4359375 0.025 0.0296875
1 0.83984375 0.57890625 0.01875 0.0234375
1 0.85859375 0.6125 0.025 0.0234375
1 0.88359375 0.66484375 0.0578125 0.04375
1 0.90703125 0.71640625 0.05 0.0609375
1 0.965625 0.6625 0.0578125 0.0671875
1 0.5796875 0.5671875 0.08125 0.1359375
1 0.62890625 0.5921875 0.0578125 0.0828125
1 0.559375 0.49453125 0.0390625 0.0203125
1 0.72578125 0.66640625 0.025 0.04375
1 0.74375 0.56640625 0.025 0.0390625
1 0.81015625 0.596875 0.0296875 0.0203125
1 0.92734375 0.5453125 0.021875 0.0265625
1 0.93984375 0.421875 0.04375 0.0359375
1 0.94140625 0.50859375 0.03125 0.034375
1 0.9546875 0.60234375 0.028125 0.01875
1 0.984375 0.5734375 0.03125 0.0625
1 0.9890625 0.51328125 0.021875 0.0640625
1 0.45625 0.83125 0.05 0.071875
1 0.48125 0.73828125 0.0734375 0.090625
1 0.815625 0.30625 0.0984375 0.0984375
1 0.91484375 0.3078125 0.1046875 0.0828125
1 0.89375 0.36015625 0.0359375 0.01875
1 0.9734375 0.26796875 0.0390625 0.0515625
1 0.928125 0.2234375 0.0796875 0.0953125
1 0.953125 0.13515625 0.065625 0.0859375
1 0.7859375 0.17109375 0.109375 0.1796875
1 0.84375 0.2453125 0.09375 0.121875
1 0.76953125 0.0859375 0.065625 0.046875
1 0.921875 0.0640625 0.0390625 0.059375
1 0.87890625 0.04765625 0.040625 0.04375
1 0.85859375 0.17421875 0.040625 0.0453125
1 0.30546875 0.571875 0.025 0.028125
1 0.54921875 0.51484375 0.015625 0.021875