1 0.3390625 0.22421875 0.0359375 0.034375
1 0.35390625 0.2515625 0.028125 0.03125
1 0.38046875 0.25078125 0.0296875 0.0296875
1 0.35625 0.3046875 0.0515625 0.0546875
1 0.35078125 0.3484375 0.0265625 0.034375
1 0.325 0.34453125 0.021875 0.0375
1 0.32265625 0.4125 0.021875 0.0375
1 0.31796875 0.3921875 0.025 0.0328125
1 0.29453125 0.44375 0.01875 0.03125
1 0.3484375 0.484375 0.04375 0.0546875
1 0.359375 0.534375 0.0484375 0.053125
1 0.409375 0.39765625 0.0515625 0.0515625
1 0.4578125 0.37109375 0.05625 0.0640625
1 0.47109375 0.30078125 0.0390625 0.053125
1 0.546875 0.30625 0.053125 0.0671875
1 0.57421875 0.26484375 0.06875 0.0671875
1 0.63203125 0.259375 0.0421875 0.0484375
1 0.60546875 0.15625 0.0375 0.04375
1 0.646875 0.1375 0.040625 0.0515625
1 0.61328125 0.11484375 0.0484375 0.0625
1 0.79375 0.171875 0.0734375 0.0859375
1 0.8421875 0.17890625 0.046875 0.05
1 0.84765625 0.23828125 0.03125 0.0546875
1 0.878125 0.30625 0.0375 0.0375
1 0.7640625 0.3109375 0.034375 0.04375
1 0.80390625 0.325 0.05625 0.0875
1 0.71015625 0.2515625 0.0328125 0.0359375
1 0.7171875 0.303125 0.0546875 0.0984375
1 0.6921875 0.378125 0.053125 0.0296875
1 0.3375 0.77421875 0.0453125 0.0578125
1 0.43203125 0.7484375 0.028125 0.0453125
1 0.4265625 0.6765625 0.053125 0.1796875
1 0.44453125 0.7 0.0328125 0.0421875
1 0.478125 0.67109375 0.028125 0.05
1 0.58828125 0.6046875 0.0734375 0.10625
1 0.63828125 0.6125 0.05 0.05
1 0.6828125 0.484375 0.028125 0.03125
1 0.1640625 0.640625 0.040625 0.05
1 0.15 0.57578125 0.053125 0.0546875
1 0.2515625 0.43125 0.0515625 0.0390625
1 0.0828125 0.58984375 0.05 0.0359375
1 0.07265625 0.6171875 0.0515625 0.0359375
1 0.05859375 0.65390625 0.053125 0.04375
1 0.05546875 0.5484375 0.0453125 0.040625
1 0.034375 0.58359375 0.021875 0.01875
1 0.053125 0.59140625 0.009375 0.0140625
1 0.0234375 0.65625 0.03125 0.0296875
1 0.0140625 0.63125 0.028125 0.05
1 0.03359375 0.484375 0.0296875 0.0390625
1 0.01015625 0.509375 0.0171875 0.0171875
1 0.04140625 0.5375 0.0140625 0.0125
1 0.0328125 0.55078125 0.015625 0.0125
1 0.08359375 0.47734375 0.01875 0.0171875
1 0.0875 0.50625 0.0171875 0.01875
1 0.0890625 0.53203125 0.015625 0.01875
1 0.0796875 0.5546875 0.0140625 0.0125
1 0.25625 0.58203125 0.0203125 0.025
1 0.28046875 0.62421875 0.025 0.028125
1 0.290625 0.646875 0.0203125 0.0171875
1 0.3265625 0.68125 0.021875 0.0234375
1 0.33828125 0.6625 0.025 0.028125
1 0.29921875 0.74765625 0.01875 0.021875
1 0.2796875 0.5078125 0.03125 0.0296875
1 0.29765625 0.52734375 0.0296875 0.03125
1 0.29296875 0.56796875 0.0359375 0.0453125
1 0.33203125 0.5890625 0.025 0.0234375
1 0.71484375 0.5359375 0.021875 0.034375
1 0.71953125 0.48828125 0.025 0.0296875
1 0.77890625 0.41484375 0.0609375 0.0703125
1 0.74375 0.47421875 0.0625 0.10625
1 0.7328125 0.5609375 0.0765625 0.1140625
1 0.678125 0.6421875 0.0578125 0.0765625
1 0.79375 0.51328125 0.071875 0.1109375
1 0.8484375 0.4546875 0.078125 0.1390625
1 0.92578125 0.28671875 0.0484375 0.065625
1 0.94375 0.23515625 0.03125 0.05