1 0.5640625 0.0984375 0.128125 0.103125
1 0.5515625 0.171875 0.05 0.0453125
1 0.55234375 0.21171875 0.0390625 0.053125
1 0.615625 0.2109375 0.0609375 0.05625
1 0.63203125 0.23671875 0.0421875 0.0421875
1 0.78203125 0.18984375 0.06875 0.05625
1 0.7609375 0.15234375 0.0625 0.0734375
1 0.7078125 0.31171875 0.0671875 0.0703125
1 0.7515625 0.3328125 0.0484375 0.05
1 0.91171875 0.3875 0.1765625 0.1875
1 0.8921875 0.5421875 0.1828125 0.165625
1 0.83515625 0.69296875 0.178125 0.109375
1 0.759375 0.80859375 0.046875 0.05
1 0.58671875 0.796875 0.046875 0.0453125
1 0.46484375 0.72890625 0.0234375 0.03125
1 0.58203125 0.47578125 0.0203125 0.0234375
1 0.596875 0.4078125 0.1109375 0.065625
1 0.54140625 0.35390625 0.0890625 0.06875
1 0.6828125 0.45 0.040625 0.0421875
1 0.69921875 0.48046875 0.0453125 0.04375
1 0.76796875 0.42890625 0.0234375 0.0265625
1 0.5234375 0.4390625 0.0390625 0.0328125
1 0.43046875 0.42734375 0.034375 0.025
1 0.403125 0.27265625 0.0421875 0.0390625
1 0.46953125 0.18359375 0.0359375 0.0453125
1 0.3015625 0.43828125 0.0234375 0.021875
1 0.35 0.50078125 0.0296875 0.0328125
1 0.31796875 0.5328125 0.0234375 0.0203125
1 0.35625 0.65859375 0.028125 0.0328125
1 0.4109375 0.6609375 0.01875 0.015625
1 0.3265625 0.34453125 0.025 0.0265625
1 0.340625 0.40078125 0.0234375 0.0265625
1 0.1 0.49609375 0.0875 0.096875
1 0.1234375 0.6125 0.021875 0.0203125
1 0.10625 0.64296875 0.015625 0.015625
1 0.0953125 0.66171875 0.0140625 0.0171875
1 0.18125 0.58984375 0.03125 0.040625
1 0.21171875 0.56484375 0.0375 0.053125
1 0.18671875 0.571875 0.0203125 0.0453125
1 0.19296875 0.56015625 0.015625 0.040625
1 0.2140625 0.63515625 0.065625 0.09375
1 0.20859375 0.77578125 0.071875 0.109375
1 0.16953125 0.87265625 0.06875 0.1015625
1 0.09375 0.84296875 0.021875 0.025
1 0.05703125 0.78359375 0.025 0.046875
1 0.028125 0.66015625 0.015625 0.028125
1 0.0890625 0.69609375 0.021875 0.01875
1 0.196875 0.7109375 0.0140625 0.0171875
1 0.32421875 0.603125 0.0140625 0.0203125