1 0.5625 0.171875 0.0375 0.04375
1 0.58046875 0.0953125 0.03125 0.040625
1 0.59453125 0.14921875 0.025 0.028125
1 0.5984375 0.20390625 0.0515625 0.0546875
1 0.64375 0.33984375 0.084375 0.1359375
1 0.7296875 0.25859375 0.125 0.2578125
1 0.9109375 0.51875 0.0546875 0.0640625
1 0.92109375 0.55859375 0.040625 0.04375
1 0.96015625 0.5390625 0.0234375 0.0359375
1 0.94921875 0.61796875 0.0375 0.0515625
1 0.93984375 0.66640625 0.04375 0.0296875
1 0.54375 0.31328125 0.046875 0.046875
1 0.54765625 0.40078125 0.040625 0.0421875
1 0.51796875 0.6 0.146875 0.1453125
1 0.5578125 0.17109375 0.0359375 0.040625
1 0.5 0.271875 0.0328125 0.0484375
1 0.4875 0.29765625 0.0234375 0.025
1 0.4875 0.32890625 0.03125 0.0375
1 0.46875 0.35859375 0.0296875 0.04375
1 0.46796875 0.41953125 0.046875 0.0875
1 0.4421875 0.4140625 0.028125 0.034375
1 0.43203125 0.47109375 0.025 0.0265625
1 0.43046875 0.50859375 0.03125 0.0515625
1 0.45390625 0.53203125 0.0234375 0.025
1 0.39765625 0.53671875 0.0203125 0.025
1 0.41875 0.57421875 0.034375 0.0453125
1 0.4078125 0.6265625 0.0375 0.075
1 0.38828125 0.571875 0.0234375 0.0328125
1 0.3796875 0.60625 0.0328125 0.0421875
1 0.40078125 0.559375 0.021875 0.0296875
1 0.40390625 0.69453125 0.03125 0.040625
1 0.43515625 0.6828125 0.0234375 0.0296875
1 0.35 0.71953125 0.0203125 0.021875
1 0.38046875 0.7453125 0.0203125 0.025
1 0.36796875 0.76171875 0.0328125 0.03125
1 0.47421875 0.75390625 0.0265625 0.0328125
1 0.24453125 0.62890625 0.03125 0.03125
1 0.26953125 0.53203125 0.0265625 0.0296875
1 0.3234375 0.35625 0.040625 0.0453125
1 0.34765625 0.2796875 0.0453125 0.0453125
1 0.32109375 0.22109375 0.04375 0.04375
1 0.290625 0.19375 0.0296875 0.0265625
1 0.28125 0.21640625 0.0375 0.0328125
1 0.24453125 0.21015625 0.0375 0.0375
1 0.2578125 0.13671875 0.1078125 0.125
1 0.20546875 0.1625 0.0296875 0.028125
1 0.18125 0.1296875 0.0453125 0.0421875
1 0.159375 0.184375 0.1078125 0.1140625
1 0.10546875 0.27421875 0.096875 0.1140625
1 0.15390625 0.33046875 0.025 0.03125
1 0.1796875 0.41484375 0.0359375 0.040625
1 0.2328125 0.36640625 0.053125 0.0625
1 0.11015625 0.50703125 0.0328125 0.03125
1 0.1 0.55234375 0.021875 0.0359375
1 0.11953125 0.56484375 0.0328125 0.0328125
1 0.02109375 0.6890625 0.0421875 0.04375
1 0.00625 0.58984375 0.0125 0.0265625
1 0.0671875 0.50703125 0.10625 0.2140625
1 0.10703125 0.36328125 0.0234375 0.025
1 0.09140625 0.39921875 0.03125 0.034375
1 0.084375 0.34921875 0.0234375 0.0265625
1 0.01640625 0.725 0.03125 0.021875