1 0.409375 0.22890625 0.0296875 0.028125
1 0.4265625 0.23828125 0.02578125 0.0203125
1 0.484375 0.2234375 0.0234375 0.04140625
1 0.42890625 0.28125 0.0140625 0.028125
1 0.47578125 0.265625 0.0203125 0.02578125
1 0.47578125 0.29921875 0.01953125 0.03125
1 0.45625 0.28828125 0.0203125 0.03515625
1 0.45546875 0.34375 0.01328125 0.02421875
1 0.49453125 0.33203125 0.01796875 0.09609375
1 0.4875 0.37890625 0.02265625 0.05390625
1 0.51015625 0.28125 0.0140625 0.0140625
1 0.446875 0.41953125 0.0171875 0.0265625
1 0.4578125 0.44609375 0.02109375 0.0265625
1 0.4703125 0.41484375 0.0171875 0.04453125
1 0.490625 0.4859375 0.01875 0.0234375
1 0.47734375 0.50390625 0.015625 0.01796875
1 0.48125 0.52890625 0.02109375 0.0296875
1 0.434375 0.5203125 0.0203125 0.03046875
1 0.4703125 0.553125 0.01484375 0.0265625
1 0.4796875 0.58984375 0.0109375 0.0203125
1 0.45859375 0.6203125 0.01953125 0.0265625
1 0.4546875 0.66015625 0.01640625 0.01875
1 0.4328125 0.71484375 0.01328125 0.02578125
1 0.4234375 0.69375 0.01484375 0.01953125
1 0.41640625 0.5125 0.021875 0.05
1 0.434375 0.4875 0.01171875 0.01640625
1 0.60703125 0.565625 0.02421875 0.03359375
1 0.54609375 0.59296875 0.1046875 0.19609375
1 0.54609375 0.73203125 0.084375 0.0875
1 0.3953125 0.75390625 0.0109375 0.02265625
1 0.3765625 0.76328125 0.01875 0.028125
1 0.3609375 0.7609375 0.01171875 0.01796875
1 0.6015625 0.7859375 0.01484375 0.02109375
1 0.68046875 0.77734375 0.01484375 0.025
1 0.69609375 0.77421875 0.0171875 0.0234375
1 0.38515625 0.54921875 0.015625 0.025
1 0.28828125 0.50859375 0.0328125 0.0671875
1 0.32109375 0.409375 0.02265625 0.028125
1 0.26953125 0.39609375 0.01640625 0.0296875
1 0.27578125 0.3078125 0.03359375 0.05859375
1 0.29375 0.24296875 0.04375 0.0703125
1 0.590625 0.45390625 0.05859375 0.065625
1 0.5640625 0.30625 0.05859375 0.09609375
1 0.575 0.3875 0.0609375 0.12421875
1 0.61328125 0.25234375 0.0515625 0.08828125
1 0.65546875 0.2671875 0.04140625 0.0515625
1 0.64609375 0.2296875 0.0203125 0.02734375
1 0.6625 0.30390625 0.01796875 0.03515625
1 0.66015625 0.3375 0.01328125 0.01875
1 0.66875 0.3453125 0.0125 0.01796875
1 0.6734375 0.328125 0.015625 0.01328125
1 0.696875 0.27578125 0.0265625 0.034375
1 0.68828125 0.28984375 0.0140625 0.01953125
1 0.68984375 0.328125 0.0125 0.02578125
1 0.69375 0.3703125 0.0140625 0.0265625
1 0.71875 0.36953125 0.03125 0.06875
1 0.63125 0.43671875 0.03984375 0.134375
1 0.62578125 0.54375 0.028125 0.04140625
1 0.7109375 0.68828125 0.0390625 0.03515625
1 0.68046875 0.6984375 0.0140625 0.02734375
1 0.70546875 0.61875 0.01796875 0.0359375
1 0.72265625 0.55234375 0.0125 0.02421875
1 0.7953125 0.56875 0.0125 0.01328125
1 0.81484375 0.59609375 0.01875 0.01640625
1 0.83125 0.5328125 0.01875 0.03125
1 0.87265625 0.51328125 0.01328125 0.01796875
1 0.8921875 0.49140625 0.01484375 0.0140625
1 0.959375 0.446875 0.03125 0.0296875
1 0.96015625 0.4859375 0.01640625 0.01484375
1 0.98125 0.5515625 0.02578125 0.02421875
1 0.91875 0.57578125 0.0171875 0.01640625
1 0.8296875 0.571875 0.015625 0.0171875
1 0.6859375 0.74765625 0.0140625 0.01796875
1 0.1390625 0.34921875 0.01875 0.028125
1 0.15703125 0.334375 0.02734375 0.0265625
1 0.17578125 0.35703125 0.01875 0.021875
1 0.15703125 0.37109375 0.0109375 0.01875
1 0.15703125 0.39765625 0.01640625 0.01875
1 0.19140625 0.428125 0.03359375 0.03203125
1 0.18671875 0.46640625 0.03671875 0.059375
1 0.221875 0.48828125 0.03671875 0.04453125
1 0.26015625 0.51484375 0.0296875 0.0546875
1 0.23984375 0.5453125 0.0453125 0.05078125
1 0.19765625 0.521875 0.03984375 0.05078125
1 0.1296875 0.459375 0.01796875 0.046875
1 0.1421875 0.47421875 0.0171875 0.03515625
1 0.15859375 0.44375 0.01796875 0.03125
1 0.15859375 0.4796875 0.01484375 0.03359375
1 0.13515625 0.49921875 0.0140625 0.0421875
1 0.15546875 0.5375 0.046875 0.02890625
1 0.20078125 0.5609375 0.04921875 0.02421875
1 0.2515625 0.5765625 0.04296875 0.0296875
1 0.31484375 0.2765625 0.01015625 0.028125
1 0.3140625 0.3265625 0.01640625 0.021875