1 0.4609375 0.15 0.0765625 0.090625
1 0.48515625 0.1875 0.0296875 0.040625
1 0.4984375 0.23515625 0.0890625 0.0828125
1 0.4375 0.2765625 0.03125 0.028125
1 0.45234375 0.29765625 0.025 0.0265625
1 0.47109375 0.2765625 0.028125 0.034375
1 0.48359375 0.321875 0.078125 0.075
1 0.65703125 0.09296875 0.028125 0.040625
1 0.71484375 0.15625 0.034375 0.04375
1 0.7203125 0.2203125 0.025 0.03125
1 0.6 0.190625 0.11875 0.1375
1 0.59609375 0.27265625 0.125 0.1484375
1 0.60390625 0.3375 0.1359375 0.09375
1 0.52265625 0.4 0.05625 0.05625
1 0.496875 0.3859375 0.03125 0.0296875
1 0.45390625 0.365625 0.021875 0.0234375
1 0.59453125 0.4375 0.128125 0.13125
1 0.425 0.40703125 0.046875 0.0703125
1 0.44765625 0.40703125 0.034375 0.053125
1 0.4375 0.48203125 0.0390625 0.0515625
1 0.390625 0.45546875 0.04375 0.059375
1 0.35234375 0.4765625 0.0390625 0.040625
1 0.39765625 0.57734375 0.0578125 0.0515625
1 0.52265625 0.5859375 0.05625 0.0515625
1 0.5828125 0.50703125 0.021875 0.0171875
1 0.5796875 0.55703125 0.103125 0.0875
1 0.73359375 0.48359375 0.0421875 0.05
1 0.7171875 0.44765625 0.025 0.0375
1 0.790625 0.4234375 0.0234375 0.028125
1 0.58359375 0.65390625 0.078125 0.128125
1 0.62265625 0.66875 0.03125 0.0359375
1 0.59296875 0.6109375 0.034375 0.034375
1 0.80859375 0.61640625 0.096875 0.1046875
1 0.75625 0.5734375 0.0296875 0.034375
1 0.7640625 0.63359375 0.0234375 0.025
1 0.8765625 0.6484375 0.028125 0.0296875
1 0.80390625 0.35859375 0.0546875 0.075
1 0.8296875 0.3359375 0.0421875 0.05625
1 0.834375 0.42109375 0.0484375 0.0546875
1 0.859375 0.4578125 0.0703125 0.0484375
1 0.88125 0.49453125 0.078125 0.0578125
1 0.909375 0.51015625 0.05 0.0515625
1 0.92421875 0.5375 0.025 0.0265625
1 0.95234375 0.56484375 0.0609375 0.084375
1 0.93828125 0.459375 0.0484375 0.053125
1 0.96328125 0.4109375 0.0515625 0.0609375
1 0.9578125 0.3765625 0.025 0.028125
1 0.984375 0.4234375 0.0265625 0.0375
1 0.9625 0.48515625 0.0203125 0.0203125
1 0.9953125 0.56875 0.009375 0.015625
1 0.96640625 0.61171875 0.0203125 0.01875
1 0.97265625 0.65859375 0.015625 0.0140625
1 0.9640625 0.6984375 0.01875 0.0203125
1 0.71875 0.69609375 0.021875 0.025
1 0.7171875 0.79296875 0.0140625 0.0140625
1 0.73203125 0.81484375 0.015625 0.0203125
1 0.4484375 0.6796875 0.0296875 0.0328125
1 0.465625 0.696875 0.0390625 0.0390625
1 0.43828125 0.7109375 0.015625 0.0234375
1 0.48125 0.76484375 0.06875 0.065625
1 0.51015625 0.79765625 0.0171875 0.0203125
1 0.4890625 0.83203125 0.01875 0.0234375
1 0.52109375 0.65859375 0.0875 0.10625
1 0.4 0.78046875 0.0578125 0.0515625
1 0.428125 0.82421875 0.059375 0.0703125
1 0.44453125 0.790625 0.015625 0.0203125
1 0.3671875 0.740625 0.021875 0.025
1 0.3875 0.67890625 0.025 0.0265625
1 0.33125 0.58125 0.028125 0.028125
1 0.2734375 0.6109375 0.0234375 0.0296875
1 0.32421875 0.73125 0.021875 0.025
1 0.3390625 0.71796875 0.015625 0.01875
1 0.26328125 0.715625 0.021875 0.0234375
1 0.24765625 0.80625 0.0265625 0.0328125
1 0.1890625 0.640625 0.0203125 0.025
1 0.15859375 0.640625 0.01875 0.025
1 0.2375 0.575 0.0453125 0.046875
1 0.25234375 0.5984375 0.0203125 0.015625
1 0.25703125 0.5140625 0.08125 0.0625
1 0.278125 0.47109375 0.0453125 0.0484375
1 0.225 0.4640625 0.071875 0.0703125
1 0.24765625 0.40234375 0.09375 0.096875
1 0.1921875 0.40234375 0.0515625 0.071875
1 0.17890625 0.34140625 0.040625 0.0375
1 0.1453125 0.3734375 0.028125 0.0359375
1 0.1671875 0.36484375 0.025 0.021875
1 0.11953125 0.38203125 0.0296875 0.0328125
1 0.11953125 0.4640625 0.0890625 0.1234375
1 0.18515625 0.49296875 0.071875 0.0984375
1 0.15703125 0.44921875 0.021875 0.0265625
1 0.19453125 0.5375 0.0921875 0.075
1 0.27109375 0.5515625 0.01875 0.0234375
1 0.0984375 0.6046875 0.028125 0.059375
1 0.084375 0.553125 0.03125 0.0390625
1 0.0515625 0.4921875 0.04375 0.075
1 0.06640625 0.44609375 0.0703125 0.05
1 0.0453125 0.43515625 0.034375 0.0296875
1 0.03984375 0.61875 0.0203125 0.0234375
1 0.025 0.60625 0.03125 0.040625
1 0.03125 0.675 0.01875 0.0390625
1 0.07421875 0.746875 0.0515625 0.046875
1 0.1234375 0.69609375 0.0265625 0.025
1 0.1140625 0.71328125 0.0140625 0.0125
1 0.13359375 0.74765625 0.090625 0.103125
1 0.165625 0.7625 0.0609375 0.06875
1 0.11328125 0.23984375 0.0578125 0.0546875
1 0.146875 0.2453125 0.021875 0.025
1 0.31328125 0.2875 0.028125 0.0265625
1 0.08046875 0.275 0.015625 0.01875
1 0.07421875 0.30859375 0.03125 0.0328125
1 0.0546875 0.27421875 0.0234375 0.028125
1 0.02265625 0.3015625 0.0453125 0.078125