1 0.30546875 0.11640625 0.06171875 0.05546875
1 0.38203125 0.18046875 0.0296875 0.04140625
1 0.46640625 0.23671875 0.1328125 0.146875
1 0.51875 0.29375 0.14453125 0.1203125
1 0.6671875 0.2640625 0.0375 0.06640625
1 0.7796875 0.33671875 0.06484375 0.03125
1 0.8546875 0.065625 0.06875 0.08671875
1 0.8953125 0.215625 0.0921875 0.0671875
1 0.97421875 0.19140625 0.0515625 0.0640625
1 0.83984375 0.26875 0.0546875 0.0546875
1 0.91328125 0.3375 0.07890625 0.14296875
1 0.2375 0.14609375 0.03984375 0.0515625
1 0.221875 0.02890625 0.0640625 0.05703125
1 0.08046875 0.01484375 0.0453125 0.0296875
1 0.12734375 0.10625 0.04375 0.04609375
1 0.17890625 0.146875 0.0640625 0.05
1 0.2484375 0.08046875 0.02265625 0.03203125
1 0.128125 0.2140625 0.04375 0.04375
1 0.03515625 0.18046875 0.059375 0.03828125
1 0.0171875 0.0640625 0.034375 0.03125
1 0.0640625 0.228125 0.02734375 0.04296875
1 0.0671875 0.290625 0.03203125 0.03984375
1 0.13125 0.32109375 0.0484375 0.03828125
1 0.0703125 0.36484375 0.0265625 0.0421875
1 0.15859375 0.45859375 0.05625 0.090625
1 0.2078125 0.5359375 0.0609375 0.090625
1 0.2640625 0.3890625 0.04140625 0.034375
1 0.33515625 0.5015625 0.159375 0.10390625
1 0.31484375 0.5640625 0.0390625 0.0421875
1 0.40234375 0.58515625 0.15625 0.08671875
1 0.0796875 0.5453125 0.07890625 0.0625
1 0.0453125 0.4765625 0.0359375 0.04375
1 0.08046875 0.62265625 0.03046875 0.03359375
1 0.1125 0.659375 0.03515625 0.028125
1 0.203125 0.6828125 0.12265625 0.134375
1 0.20859375 0.77578125 0.13828125 0.12265625
1 0.3015625 0.79921875 0.05625 0.0765625
1 0.38984375 0.79609375 0.05390625 0.06015625
1 0.47265625 0.77421875 0.0359375 0.0515625
1 0.578125 0.7703125 0.053125 0.065625
1 0.66640625 0.8046875 0.0546875 0.04375
1 0.853125 0.7921875 0.075 0.08125
1 0.81328125 0.6375 0.07734375 0.13125
1 0.9421875 0.61953125 0.05546875 0.05546875
1 0.91015625 0.66796875 0.08515625 0.090625
1 0.9 0.49765625 0.1125 0.175
1 0.9796875 0.34609375 0.040625 0.07109375
1 0.95390625 0.41640625 0.0375 0.053125
1 0.98515625 0.2484375 0.028125 0.04140625
1 0.6703125 0.403125 0.046875 0.05
1 0.675 0.515625 0.04375 0.07578125
1 0.640625 0.5765625 0.06328125 0.06640625
1 0.6203125 0.49296875 0.0609375 0.04921875
1 0.68203125 0.66796875 0.04140625 0.0890625
1 0.696875 0.73671875 0.04296875 0.09140625
1 0.4515625 0.5 0.0453125 0.059375
1 0.57578125 0.40625 0.1484375 0.09765625
1 0.5140625 0.46640625 0.1140625 0.1390625