1 0.65 0.1546875 0.0421875 0.05
1 0.60390625 0.24921875 0.03125 0.046875
1 0.55859375 0.353125 0.0328125 0.0484375
1 0.51171875 0.32109375 0.0484375 0.0578125
1 0.58203125 0.4015625 0.034375 0.0609375
1 0.67421875 0.46015625 0.121875 0.090625
1 0.509375 0.4546875 0.05 0.0609375
1 0.35859375 0.47890625 0.1203125 0.1921875
1 0.41953125 0.55625 0.1328125 0.196875
1 0.4609375 0.56875 0.0390625 0.053125
1 0.50625 0.60546875 0.0953125 0.109375
1 0.41796875 0.68125 0.0890625 0.0984375
1 0.38359375 0.72109375 0.05625 0.0609375
1 0.56953125 0.70078125 0.040625 0.0546875
1 0.66484375 0.21640625 0.025 0.03125
1 0.71796875 0.1265625 0.0546875 0.0609375
1 0.8890625 0.55390625 0.115625 0.175
1 0.78125 0.5703125 0.1671875 0.1734375
1 0.80078125 0.47734375 0.10625 0.08125
1 0.26875 0.0828125 0.13125 0.0984375
1 0.24140625 0.221875 0.26875 0.2953125
1 0.21796875 0.4203125 0.0921875 0.1265625
1 0.24765625 0.5484375 0.1671875 0.2765625
1 0.1078125 0.6046875 0.215625 0.3125
1 0.121875 0.215625 0.1125 0.15625
1 0.06484375 0.303125 0.1296875 0.325
1 0.1140625 0.384375 0.1953125 0.3015625
1 0.5125 0.13671875 0.253125 0.2734375
1 0.3234375 0.759375 0.03125 0.0328125
1 0.40703125 0.825 0.021875 0.0265625
1 0.36015625 0.8546875 0.0265625 0.0265625
1 0.47265625 0.90703125 0.028125 0.03125