1 0.46171875 0.14765625 0.040625 0.0375
1 0.4890625 0.1875 0.0265625 0.05
1 0.41640625 0.29375 0.04609375 0.04140625
1 0.48671875 0.33515625 0.03203125 0.04140625
1 0.52421875 0.31015625 0.04296875 0.05390625
1 0.55546875 0.28125 0.02578125 0.03984375
1 0.559375 0.1296875 0.078125 0.075
1 0.59140625 0.19375 0.02890625 0.03515625
1 0.6125 0.40234375 0.0296875 0.028125
1 0.6328125 0.43359375 0.03203125 0.03203125
1 0.55546875 0.62265625 0.07109375 0.071875
1 0.571875 0.51484375 0.0484375 0.07421875
1 0.62265625 0.6984375 0.0234375 0.02421875
1 0.60078125 0.72421875 0.015625 0.0234375
1 0.65234375 0.778125 0.01875 0.02421875
1 0.5609375 0.8109375 0.0453125 0.04140625
1 0.475 0.79140625 0.02734375 0.04140625
1 0.5125 0.7421875 0.0390625 0.0484375
1 0.49140625 0.68515625 0.021875 0.028125
1 0.43984375 0.62109375 0.02578125 0.03125
1 0.4171875 0.6921875 0.01484375 0.01328125
1 0.421875 0.509375 0.02421875 0.0265625
1 0.45546875 0.53203125 0.0265625 0.05234375
1 0.5234375 0.46015625 0.0375 0.0390625
1 0.4390625 0.4546875 0.0421875 0.05234375
1 0.40078125 0.40703125 0.0265625 0.01796875
1 0.284375 0.015625 0.028125 0.03125
1 0.18203125 0.37265625 0.040625 0.065625
1 0.2625 0.40703125 0.0828125 0.05703125
1 0.27109375 0.45546875 0.07265625 0.0265625
1 0.20390625 0.4078125 0.04765625 0.07578125
1 0.20625 0.4703125 0.03125 0.040625
1 0.28125 0.4921875 0.059375 0.04296875
1 0.0828125 0.4390625 0.05546875 0.0703125
1 0.16953125 0.55546875 0.07421875 0.02890625
1 0.18125 0.584375 0.08046875 0.03671875
1 0.05703125 0.471875 0.065625 0.0953125
1 0.02265625 0.51640625 0.0453125 0.09296875
1 0.0640625 0.66484375 0.0265625 0.025
1 0.15625 0.709375 0.0171875 0.02421875
1 0.81875 0.6921875 0.075 0.06484375
1 0.86640625 0.6328125 0.06953125 0.0578125
1 0.8671875 0.5234375 0.0375 0.07109375
1 0.76796875 0.33203125 0.03203125 0.0515625
1 0.84921875 0.26171875 0.0609375 0.06875
1 0.86484375 0.1875 0.075 0.053125
1 0.97578125 0.13125 0.0484375 0.0625
1 0.85078125 0.0140625 0.0515625 0.028125
1 0.6796875 0.5765625 0.07421875 0.10234375
1 0.72734375 0.4875 0.06328125 0.11953125
1 0.8015625 0.51171875 0.06328125 0.10625
1 0.83203125 0.45546875 0.08125 0.1
1 0.37578125 0.109375 0.0171875 0.02421875
1 0.0125 0.06015625 0.025 0.0359375
1 0.0125 0.11171875 0.02421875 0.05
1 0.94375 0.21015625 0.0359375 0.03046875
1 0.9296875 0.01796875 0.0296875 0.0359375
1 0.2265625 0.11640625 0.03125 0.034375
1 0.2234375 0.19765625 0.02421875 0.0453125
1 0.22578125 0.29375 0.02890625 0.0390625
1 0.328125 0.13359375 0.015625 0.015625
1 0.25234375 0.196875 0.0109375 0.01640625
1 0.28671875 0.18515625 0.0140625 0.01171875
1 0.540625 0.3609375 0.02890625 0.0359375
1 0.496875 0.271875 0.0234375 0.034375
1 0.48125 0.521875 0.0140625 0.02109375
1 0.50078125 0.5046875 0.01953125 0.0125
1 0.54296875 0.5703125 0.01796875 0.0234375
1 0.55 0.45859375 0.0125 0.025