1 0.84375 0.18046875 0.084375 0.09453125
1 0.78515625 0.36875 0.04453125 0.08515625
1 0.84375 0.38046875 0.06328125 0.07421875
1 0.82265625 0.440625 0.04921875 0.04296875
1 0.94140625 0.4109375 0.04609375 0.06484375
1 0.9859375 0.19921875 0.02734375 0.10078125
1 0.88046875 0.44140625 0.0296875 0.04609375
1 0.8578125 0.48203125 0.05390625 0.02421875
1 0.87109375 0.52109375 0.0390625 0.02578125
1 0.915625 0.5609375 0.0734375 0.06328125
1 0.65859375 0.09609375 0.040625 0.034375
1 0.58359375 0.1 0.08828125 0.07265625
1 0.646875 0.19609375 0.0421875 0.03828125
1 0.68203125 0.28515625 0.03984375 0.03828125
1 0.6515625 0.315625 0.05 0.040625
1 0.66640625 0.37890625 0.03203125 0.02578125
1 0.63359375 0.48359375 0.021875 0.0328125
1 0.65703125 0.484375 0.025 0.034375
1 0.7078125 0.590625 0.03203125 0.0390625
1 0.63046875 0.5328125 0.01484375 0.01953125
1 0.67109375 0.53671875 0.01875 0.01640625
1 0.71796875 0.6359375 0.01796875 0.01640625
1 0.7625 0.64375 0.01328125 0.0140625
1 0.7828125 0.64140625 0.0140625 0.01484375
1 0.77734375 0.68984375 0.0140625 0.02265625
1 0.8203125 0.69765625 0.02734375 0.02734375
1 0.82109375 0.5734375 0.03828125 0.04921875
1 0.78671875 0.53203125 0.04140625 0.0359375
1 0.83828125 0.60546875 0.028125 0.01953125
1 0.85 0.70546875 0.015625 0.02109375
1 0.49375 0.20625 0.040625 0.05390625
1 0.48984375 0.26875 0.0328125 0.06015625
1 0.50390625 0.4 0.0359375 0.0390625
1 0.56328125 0.3734375 0.03203125 0.04453125
1 0.5734375 0.2640625 0.02265625 0.03671875
1 0.58984375 0.3890625 0.015625 0.0234375
1 0.55078125 0.42109375 0.01484375 0.0234375
1 0.5 0.44921875 0.0390625 0.0375
1 0.453125 0.49375 0.02578125 0.034375
1 0.5 0.59609375 0.0515625 0.0828125
1 0.5265625 0.64765625 0.03125 0.04609375
1 0.475 0.63671875 0.05703125 0.0828125
1 0.41484375 0.62265625 0.059375 0.08125
1 0.37265625 0.6890625 0.06015625 0.09765625
1 0.48515625 0.7859375 0.06328125 0.053125
1 0.521875 0.7359375 0.0640625 0.03671875
1 0.290625 0.31953125 0.059375 0.05078125
1 0.31484375 0.3734375 0.03046875 0.03125
1 0.28203125 0.43984375 0.02734375 0.03359375
1 0.2484375 0.45859375 0.0359375 0.04765625
1 0.31875 0.5390625 0.028125 0.02421875
1 0.3359375 0.57265625 0.0265625 0.03125
1 0.275 0.6359375 0.053125 0.0609375
1 0.2578125 0.58046875 0.01171875 0.0234375
1 0.2515625 0.73359375 0.06953125 0.065625
1 0.3125 0.80703125 0.02578125 0.0265625
1 0.28828125 0.8296875 0.01171875 0.01796875
1 0.334375 0.8796875 0.01171875 0.01875
1 0.2453125 0.9234375 0.0375 0.04140625
1 0.20078125 0.321875 0.0453125 0.0328125
1 0.221875 0.3546875 0.0265625 0.034375
1 0.14453125 0.434375 0.03828125 0.0421875
1 0.21328125 0.478125 0.03671875 0.03359375
1 0.2375 0.58671875 0.034375 0.03984375
1 0.14765625 0.57265625 0.03515625 0.040625
1 0.1265625 0.62890625 0.02421875 0.02578125
1 0.1578125 0.64921875 0.0296875 0.04375
1 0.18671875 0.6375 0.01640625 0.0171875
1 0.24609375 0.684375 0.02421875 0.021875
1 0.13515625 0.734375 0.025 0.0296875
1 0.1828125 0.79296875 0.025 0.02890625
1 0.196875 0.853125 0.03984375 0.04375
1 0.15390625 0.9046875 0.03828125 0.0453125
1 0.1 0.80546875 0.0171875 0.01875
1 0.040625 0.184375 0.03671875 0.03203125