1 0.21953125 0.0625 0.04609375 0.0421875
1 0.15625 0.10859375 0.0296875 0.04140625
1 0.39296875 0.1328125 0.04375 0.0421875
1 0.41640625 0.0921875 0.07890625 0.0453125
1 0.2359375 0.01640625 0.06640625 0.0328125
1 0.45859375 0.2625 0.0328125 0.0390625
1 0.41015625 0.22109375 0.02890625 0.0359375
1 0.4203125 0.3390625 0.0328125 0.0359375
1 0.4453125 0.39609375 0.05546875 0.0796875
1 0.440625 0.4359375 0.04453125 0.0765625
1 0.4890625 0.4765625 0.01875 0.02265625
1 0.465625 0.46015625 0.02109375 0.053125
1 0.45859375 0.4921875 0.02265625 0.06796875
1 0.39375 0.54765625 0.02890625 0.02890625
1 0.40078125 0.65546875 0.02421875 0.03203125
1 0.471875 0.60078125 0.0296875 0.03125
1 0.51875 0.63046875 0.03359375 0.05234375
1 0.4765625 0.67890625 0.021875 0.01953125
1 0.4609375 0.73359375 0.0203125 0.015625
1 0.5078125 0.73671875 0.02890625 0.01484375
1 0.5703125 0.64765625 0.0703125 0.07734375
1 0.5515625 0.7125 0.01875 0.028125
1 0.58046875 0.7609375 0.0234375 0.01796875
1 0.51015625 0.7765625 0.01484375 0.01875
1 0.4765625 0.5453125 0.053125 0.06875
1 0.5234375 0.51796875 0.025 0.04453125
1 0.55078125 0.44453125 0.03984375 0.06640625
1 0.58828125 0.33671875 0.06484375 0.08671875
1 0.5921875 0.20546875 0.04765625 0.04140625
1 0.67890625 0.20859375 0.0453125 0.0765625
1 0.62890625 0.24140625 0.0359375 0.034375
1 0.63203125 0.28515625 0.0234375 0.025
1 0.6703125 0.3203125 0.03046875 0.03515625
1 0.60625 0.42578125 0.02734375 0.03359375
1 0.675 0.40859375 0.040625 0.04453125
1 0.6796875 0.46171875 0.0515625 0.03828125
1 0.6671875 0.51484375 0.01953125 0.0234375
1 0.63359375 0.590625 0.01953125 0.01328125
1 0.578125 0.53359375 0.01484375 0.02421875
1 0.86953125 0.46484375 0.06328125 0.05390625
1 0.84296875 0.515625 0.05625 0.05
1 0.8078125 0.56953125 0.040625 0.03828125
1 0.7890625 0.3703125 0.06640625 0.08046875
1 0.7421875 0.2640625 0.10390625 0.1125
1 0.71953125 0.24140625 0.0296875 0.046875
1 0.73203125 0.16640625 0.0421875 0.03203125
1 0.76875 0.10703125 0.0375 0.03984375
1 0.7234375 0.06953125 0.03671875 0.06015625
1 0.80078125 0.0375 0.0484375 0.075
1 0.8015625 0.1671875 0.065625 0.07265625
1 0.8265625 0.2875 0.115625 0.10859375
1 0.9625 0.065625 0.075 0.13125
1 0.965625 0.54921875 0.021875 0.0203125
1 0.91484375 0.67421875 0.09609375 0.07890625
1 0.86171875 0.74140625 0.1015625 0.06640625
1 0.35625 0.35078125 0.03046875 0.03203125
1 0.35859375 0.396875 0.0234375 0.0359375
1 0.3546875 0.4453125 0.01796875 0.0296875
1 0.37578125 0.56015625 0.0109375 0.015625
1 0.33125 0.66171875 0.0171875 0.0171875
1 0.21796875 0.64375 0.0078125 0.009375
1 0.09296875 0.61015625 0.0515625 0.046875
1 0.0453125 0.44375 0.02265625 0.02578125
1 0.14609375 0.4796875 0.03515625 0.05390625
1 0.2328125 0.471875 0.025 0.02578125
1 0.2546875 0.5 0.04453125 0.02578125
1 0.2078125 0.3875 0.1109375 0.09765625
1 0.25546875 0.22578125 0.1203125 0.090625
1 0.1890625 0.1609375 0.13359375 0.09609375
1 0.0671875 0.33359375 0.134375 0.15703125
1 0.85546875 0.01953125 0.0515625 0.0390625