1 0.37265625 0.0453125 0.0703125 0.07734375
1 0.3625 0.13828125 0.05 0.0515625
1 0.3671875 0.253125 0.0515625 0.0484375
1 0.36796875 0.37734375 0.046875 0.04921875
1 0.36328125 0.5421875 0.07265625 0.07421875
1 0.36171875 0.70625 0.02578125 0.04140625
1 0.453125 0.4703125 0.02890625 0.03359375
1 0.42734375 0.13125 0.03515625 0.0375
1 0.5640625 0.253125 0.02109375 0.05078125
1 0.58828125 0.36796875 0.021875 0.03046875
1 0.53359375 0.58046875 0.0234375 0.02265625
1 0.5265625 0.61953125 0.034375 0.025
1 0.51875 0.703125 0.021875 0.0234375
1 0.5703125 0.77265625 0.0203125 0.021875
1 0.6328125 0.6703125 0.02421875 0.03125
1 0.6625 0.58359375 0.05703125 0.07734375
1 0.53125 0.88515625 0.04453125 0.05078125
1 0.76875 0.75546875 0.1859375 0.14375
1 0.98046875 0.65546875 0.0390625 0.06015625
1 0.25546875 0.6625 0.12265625 0.16953125
1 0.04140625 0.6625 0.0828125 0.16875