1 0.43046875 0.76171875 0.03828125 0.0515625
1 0.509375 0.83125 0.0359375 0.0390625
1 0.4828125 0.67421875 0.021875 0.0296875
1 0.4453125 0.5890625 0.021875 0.02421875
1 0.49921875 0.46328125 0.0390625 0.053125
1 0.46171875 0.36640625 0.04296875 0.0375
1 0.50234375 0.40859375 0.0421875 0.0640625
1 0.46328125 0.26640625 0.03984375 0.040625
1 0.48515625 0.18125 0.04140625 0.046875
1 0.53984375 0.1 0.02734375 0.0234375
1 0.640625 0.11953125 0.11640625 0.0953125
1 0.8359375 0.4 0.06796875 0.06875
1 0.96484375 0.5765625 0.0703125 0.090625
1 0.42890625 0.484375 0.06171875 0.1625
1 0.35 0.52734375 0.05546875 0.11640625
1 0.33359375 0.41328125 0.06484375 0.15390625
1 0.30078125 0.40625 0.04453125 0.09765625
1 0.2796875 0.34921875 0.0203125 0.02265625
1 0.28359375 0.375 0.02421875 0.02578125
1 0.30859375 0.30078125 0.01328125 0.02421875
1 0.3171875 0.27265625 0.0171875 0.0203125
1 0.346875 0.24140625 0.02265625 0.0296875
1 0.42734375 0.2 0.0203125 0.01796875
1 0.28359375 0.465625 0.009375 0.0234375
1 0.25078125 0.5234375 0.0203125 0.0265625
1 0.2515625 0.55390625 0.01015625 0.015625
1 0.21484375 0.5515625 0.015625 0.01875
1 0.234375 0.57109375 0.009375 0.0203125
1 0.22421875 0.615625 0.01640625 0.02421875
1 0.1984375 0.66328125 0.01328125 0.0109375
1 0.1953125 0.703125 0.0125 0.01328125
1 0.17734375 0.74765625 0.015625 0.01875
1 0.1765625 0.790625 0.01328125 0.0171875
1 0.17734375 0.66640625 0.01953125 0.03359375
1 0.14921875 0.60390625 0.03125 0.0515625
1 0.1546875 0.5734375 0.03125 0.0453125
1 0.171875 0.53828125 0.0328125 0.05859375
1 0.1640625 0.63671875 0.0140625 0.0546875
1 0.17734375 0.62734375 0.0140625 0.0390625
1 0.20546875 0.5125 0.0125 0.0515625
1 0.228125 0.4578125 0.0140625 0.04609375
1 0.13828125 0.43046875 0.0140625 0.01953125
1 0.121875 0.45546875 0.0171875 0.01796875
1 0.11328125 0.49140625 0.015625 0.0140625
1 0.13828125 0.47265625 0.0265625 0.03671875
1 0.13828125 0.3984375 0.0234375 0.03359375
1 0.08828125 0.50703125 0.028125 0.03125
1 0.1109375 0.54296875 0.028125 0.0296875
1 0.1203125 0.57109375 0.02109375 0.03671875
1 0.090625 0.578125 0.01171875 0.01796875
1 0.06015625 0.54453125 0.028125 0.01640625
1 0.046875 0.51484375 0.034375 0.034375
1 0.06640625 0.5125 0.0125 0.015625
1 0.075 0.475 0.01875 0.01796875
1 0.05546875 0.4609375 0.015625 0.01484375
1 0.0328125 0.47109375 0.034375 0.0234375
1 0.02421875 0.44296875 0.02578125 0.01640625
1 0.01796875 0.553125 0.0203125 0.03359375
1 0.04140625 0.56171875 0.01953125 0.05625
1 0.0515625 0.5890625 0.015625 0.0171875
1 0.0515625 0.621875 0.025 0.028125
1 0.1171875 0.63515625 0.00859375 0.01640625
1 0.11953125 0.59765625 0.00546875 0.01796875
1 0.0203125 0.68203125 0.0125 0.0203125
1 0.00703125 0.69609375 0.0140625 0.01640625
1 0.0078125 0.715625 0.015625 0.02265625
1 0.14140625 0.71015625 0.00859375 0.0109375
1 0.003125 0.515625 0.00625 0.0125
1 0.02421875 0.49921875 0.0125 0.0125
1 0.02421875 0.52578125 0.01796875 0.025