1 0.0484375 0.15546875 0.05 0.1109375
1 0.140625 0.203125 0.0828125 0.0984375
1 0.06328125 0.23125 0.075 0.06875
1 0.2296875 0.32890625 0.0421875 0.053125
1 0.33203125 0.3828125 0.0859375 0.096875
1 0.39453125 0.4203125 0.06875 0.109375
1 0.378125 0.521875 0.0703125 0.121875
1 0.4921875 0.5421875 0.0640625 0.08125
1 0.39921875 0.3046875 0.034375 0.046875
1 0.50390625 0.2671875 0.0453125 0.0484375
1 0.55703125 0.25625 0.0359375 0.071875
1 0.73984375 0.17890625 0.0890625 0.1578125
1 0.68515625 0.2 0.0421875 0.0765625
1 0.65078125 0.2359375 0.034375 0.065625
1 0.61796875 0.253125 0.0421875 0.071875
1 0.5890625 0.24296875 0.0359375 0.0609375
1 0.58515625 0.35390625 0.075 0.1359375
1 0.66640625 0.44453125 0.0328125 0.0421875
1 0.7078125 0.46484375 0.025 0.0328125
1 0.8390625 0.4109375 0.084375 0.05625
1 0.85546875 0.4796875 0.0265625 0.03125
1 0.82734375 0.61953125 0.0203125 0.025
1 0.8421875 0.65546875 0.0265625 0.0234375
1 0.86015625 0.71015625 0.0609375 0.046875
1 0.87734375 0.7640625 0.053125 0.0640625
1 0.9421875 0.71796875 0.0609375 0.06875
1 0.57109375 0.5765625 0.0875 0.1390625
1 0.6171875 0.6078125 0.0625 0.0859375
1 0.559375 0.50234375 0.0390625 0.0234375
1 0.703125 0.69296875 0.028125 0.04375
1 0.73359375 0.59609375 0.028125 0.040625
1 0.7953125 0.634375 0.03125 0.021875
1 0.91875 0.596875 0.0234375 0.028125
1 0.94609375 0.4765625 0.0453125 0.0375
1 0.93671875 0.5625 0.0328125 0.0359375
1 0.9390625 0.65703125 0.0296875 0.0203125
1 0.9734375 0.63359375 0.0375 0.0640625
1 0.984375 0.57265625 0.0265625 0.065625
1 0.415625 0.8234375 0.053125 0.0734375
1 0.45234375 0.734375 0.078125 0.09375
1 0.83671875 0.34609375 0.103125 0.103125
1 0.93515625 0.36015625 0.109375 0.0890625
1 0.9078125 0.409375 0.0375 0.0203125
1 0.9890625 0.3265625 0.021875 0.053125
1 0.9578125 0.27734375 0.084375 0.0984375
1 0.9796875 0.19296875 0.040625 0.0890625
1 0.8234375 0.20859375 0.11875 0.184375
1 0.871875 0.2890625 0.0984375 0.1265625
1 0.81796875 0.121875 0.06875 0.0515625
1 0.971875 0.11875 0.0421875 0.0609375
1 0.93125 0.096875 0.04375 0.0453125
1 0.8953125 0.2203125 0.04375 0.0484375
1 0.2984375 0.54765625 0.0265625 0.0296875
1 0.546875 0.5203125 0.0171875 0.0234375