1 0.6484375 0.0515625 0.03671875 0.046875
1 0.7328125 0.15078125 0.040625 0.05859375
1 0.73515625 0.2546875 0.0484375 0.04765625
1 0.7890625 0.2875 0.03203125 0.0296875
1 0.64375 0.35234375 0.0375 0.04765625
1 0.696875 0.42421875 0.02890625 0.04296875
1 0.8171875 0.44296875 0.04609375 0.04140625
1 0.85234375 0.69765625 0.05625 0.06875
1 0.728125 0.6546875 0.05703125 0.07734375
1 0.6328125 0.39921875 0.046875 0.04921875
1 0.59375 0.48046875 0.0546875 0.0578125
1 0.31875 0.365625 0.04296875 0.05390625
1 0.16640625 0.2859375 0.05390625 0.06796875
1 0.25859375 0.44609375 0.034375 0.034375
1 0.46640625 0.39609375 0.04453125 0.0515625
1 0.48046875 0.43515625 0.03203125 0.05
1 0.509375 0.44453125 0.02734375 0.0375
1 0.24765625 0.7171875 0.03125 0.028125
1 0.35390625 0.7140625 0.05703125 0.05390625
1 0.5109375 0.78359375 0.04921875 0.04296875
1 0.6453125 0.70625 0.02734375 0.0296875
1 0.67890625 0.74296875 0.03515625 0.02578125
1 0.678125 0.62890625 0.04453125 0.05703125
1 0.115625 0.1734375 0.06328125 0.11640625
1 0.09140625 0.3796875 0.06171875 0.15
1 0.0359375 0.52578125 0.0484375 0.1296875
1 0.0265625 0.23671875 0.03828125 0.08984375
1 0.08125 0.0390625 0.0453125 0.07734375
1 0.10234375 0.03984375 0.02734375 0.0453125
1 0.1140625 0.06796875 0.0296875 0.03359375
1 0.11796875 0.10546875 0.0296875 0.03828125
1 0.09609375 0.25859375 0.02109375 0.028125
1 0.840625 0.27421875 0.02734375 0.0359375
1 0.8359375 0.24453125 0.03046875 0.03203125
1 0.8890625 0.13125 0.02578125 0.03203125
1 0.93515625 0.13359375 0.0203125 0.0265625
1 0.93828125 0.109375 0.025 0.0296875
1 0.92734375 0.0234375 0.0265625 0.046875
1 0.959375 0.10234375 0.0203125 0.03515625
1 0.9890625 0.1609375 0.01953125 0.0328125
1 0.98984375 0.1203125 0.01953125 0.1140625
1 0.85625 0.2984375 0.0359375 0.028125
1 0.934375 0.36953125 0.0296875 0.028125
1 0.97890625 0.4296875 0.025 0.02890625
1 0.94609375 0.45 0.028125 0.0328125
1 0.978125 0.52265625 0.025 0.03046875
1 0.98828125 0.578125 0.0234375 0.028125
1 0.9015625 0.41171875 0.05390625 0.11875
1 0.93515625 0.2671875 0.05546875 0.09765625
1 0.959375 0.36640625 0.06796875 0.09609375
1 0.98125 0.31953125 0.0375 0.0625