1 0.38203125 0.12421875 0.04375 0.06171875
1 0.54375 0.1421875 0.03203125 0.0640625
1 0.590625 0.1421875 0.053125 0.05390625
1 0.60859375 0.18515625 0.04140625 0.0234375
1 0.5921875 0.2140625 0.06171875 0.05
1 0.69375 0.2859375 0.0390625 0.034375
1 0.690625 0.3296875 0.04765625 0.04296875
1 0.63203125 0.3625 0.08359375 0.053125
1 0.8421875 0.30625 0.05703125 0.04375
1 0.8203125 0.33046875 0.04609375 0.0265625
1 0.746875 0.475 0.0421875 0.06015625
1 0.70390625 0.484375 0.02890625 0.0359375
1 0.63203125 0.50546875 0.02421875 0.0453125
1 0.5078125 0.4609375 0.07578125 0.06640625
1 0.5625 0.46953125 0.0359375 0.046875
1 0.603125 0.4484375 0.034375 0.04140625
1 0.58125 0.51953125 0.0703125 0.04453125
1 0.4828125 0.50625 0.028125 0.0328125
1 0.515625 0.55546875 0.06328125 0.0484375
1 0.534375 0.58359375 0.0390625 0.028125
1 0.5265625 0.62265625 0.0578125 0.0328125
1 0.571875 0.69609375 0.025 0.025
1 0.5015625 0.7109375 0.03125 0.0359375
1 0.53828125 0.7734375 0.028125 0.0421875
1 0.7484375 0.096875 0.01640625 0.0359375
1 0.734375 0.121875 0.0171875 0.034375
1 0.678125 0.08359375 0.01953125 0.05625
1 0.73125 0.23671875 0.03671875 0.07734375
1 0.7828125 0.178125 0.05703125 0.08125
1 0.9078125 0.13828125 0.046875 0.053125
1 0.978125 0.2140625 0.04375 0.07421875
1 0.98828125 0.35078125 0.0234375 0.196875
1 0.98515625 0.00703125 0.0296875 0.01328125
1 0.4890625 0.02578125 0.05234375 0.0421875
1 0.43359375 0.16328125 0.0453125 0.0828125
1 0.35625 0.23828125 0.04296875 0.065625
1 0.35 0.32734375 0.13203125 0.17734375
1 0.32109375 0.4015625 0.13203125 0.171875
1 0.2703125 0.428125 0.0640625 0.07734375
1 0.2375 0.315625 0.0546875 0.06328125
1 0.23359375 0.58671875 0.10234375 0.10625
1 0.16796875 0.46953125 0.04765625 0.06328125
1 0.08046875 0.409375 0.03984375 0.1171875
1 0.05 0.38828125 0.05546875 0.15625
1 0.0328125 0.30625 0.0484375 0.14140625
1 0.07421875 0.19921875 0.03125 0.0734375
1 0.10703125 0.26484375 0.059375 0.11875
1 0.07578125 0.0875 0.1515625 0.0578125
1 0.11171875 0.153125 0.22265625 0.090625