1 0.35 0.1390625 0.1078125 0.1390625
1 0.3875 0.2328125 0.075 0.0890625
1 0.32890625 0.24375 0.034375 0.040625
1 0.365625 0.36640625 0.03125 0.0296875
1 0.4296875 0.46875 0.0609375 0.0546875
1 0.41640625 0.3296875 0.084375 0.09375
1 0.40390625 0.38828125 0.046875 0.04375
1 0.325 0.63984375 0.040625 0.05625
1 0.55078125 0.7484375 0.071875 0.0828125
1 0.5359375 0.84140625 0.0640625 0.08125
1 0.57421875 0.34375 0.0578125 0.109375
1 0.609375 0.3796875 0.090625 0.1390625
1 0.66484375 0.52265625 0.0328125 0.04375
1 0.69921875 0.475 0.025 0.034375
1 0.70625 0.60078125 0.03125 0.04375
1 0.72734375 0.8828125 0.0234375 0.0265625
1 0.625 0.28046875 0.040625 0.0515625
1 0.58984375 0.146875 0.08125 0.1546875
1 0.64921875 0.17890625 0.0828125 0.140625
1 0.6125 0.1828125 0.0390625 0.059375
1 0.5140625 0.23203125 0.0453125 0.0515625
1 0.4796875 0.1546875 0.0390625 0.034375
1 0.453125 0.10859375 0.0203125 0.0328125
1 0.4796875 0.08359375 0.04375 0.053125
1 0.22109375 0.04140625 0.1390625 0.0828125
1 0.2125 0.10546875 0.0546875 0.059375
1 0.284375 0.1546875 0.0453125 0.053125
1 0.14296875 0.19765625 0.153125 0.11875
1 0.2265625 0.2703125 0.071875 0.0703125
1 0.14765625 0.28203125 0.15 0.1203125
1 0.1578125 0.4125 0.0421875 0.0515625
1 0.17109375 0.5015625 0.0296875 0.028125
1 0.19765625 0.528125 0.0453125 0.040625
1 0.1109375 0.5765625 0.046875 0.0375
1 0.0875 0.53828125 0.0375 0.0296875
1 0.03984375 0.490625 0.046875 0.03125
1 0.053125 0.44609375 0.046875 0.0265625
1 0.06640625 0.18359375 0.0328125 0.0375
1 0.06015625 0.221875 0.0359375 0.0390625
1 0.5359375 0.6234375 0.0359375 0.046875
1 0.25078125 0.4078125 0.028125 0.021875