1 0.40390625 0.3671875 0.1015625 0.1234375
1 0.4078125 0.19921875 0.0484375 0.0421875
1 0.415625 0.26328125 0.121875 0.125
1 0.45546875 0.221875 0.034375 0.0390625
1 0.4953125 0.1734375 0.1203125 0.1234375
1 0.61171875 0.234375 0.0390625 0.0421875
1 0.51953125 0.25234375 0.0390625 0.04375
1 0.56796875 0.25078125 0.0375 0.0375
1 0.56484375 0.21875 0.03125 0.0296875
1 0.6671875 0.2796875 0.0390625 0.0453125
1 0.6890625 0.365625 0.0390625 0.046875
1 0.728125 0.55390625 0.0265625 0.0359375
1 0.74921875 0.65625 0.028125 0.0296875
1 0.865625 0.1328125 0.05 0.0375
1 0.81015625 0.1171875 0.0375 0.0375
1 0.8140625 0.0359375 0.0265625 0.03125
1 0.8453125 0.08203125 0.0328125 0.0203125
1 0.95 0.2484375 0.053125 0.1125
1 0.90703125 0.32890625 0.0359375 0.0421875
1 0.8625 0.25546875 0.040625 0.046875
1 0.12265625 0.2546875 0.0796875 0.065625
1 0.03828125 0.22578125 0.0375 0.0421875
1 0.009375 0.32578125 0.01875 0.0390625
1 0.03046875 0.359375 0.04375 0.05
1 0.01328125 0.56015625 0.0265625 0.0765625
1 0.35703125 0.5875 0.025 0.0359375
1 0.36171875 0.65078125 0.059375 0.090625
1 0.38046875 0.59296875 0.021875 0.0265625
1 0.50703125 0.61953125 0.1328125 0.2234375
1 0.54765625 0.81796875 0.046875 0.0421875
1 0.453125 0.8234375 0.03125 0.0265625
1 0.4765625 0.83359375 0.025 0.025
1 0.56484375 0.86171875 0.03125 0.0234375
1 0.47578125 0.73046875 0.025 0.0203125
1 0.59453125 0.65 0.0265625 0.0390625
1 0.57421875 0.64765625 0.028125 0.0421875
1 0.5671875 0.59765625 0.0265625 0.028125
1 0.58515625 0.4734375 0.0296875 0.0375
1 0.51015625 0.4 0.021875 0.0265625
1 0.525 0.4296875 0.0265625 0.0328125
1 0.43984375 0.4515625 0.03125 0.03125
1 0.47890625 0.45390625 0.0265625 0.028125
1 0.48515625 0.49296875 0.034375 0.0296875
1 0.60390625 0.4109375 0.05625 0.0640625
1 0.58359375 0.346875 0.0203125 0.0265625
1 0.86953125 0.575 0.04375 0.0359375
1 0.89375 0.690625 0.025 0.025
1 0.92578125 0.71875 0.0359375 0.0328125
1 0.99453125 0.6703125 0.0109375 0.03125
1 0.946875 0.64375 0.0265625 0.040625
1 0.95625 0.515625 0.0875 0.128125
1 0.84375 0.31328125 0.0328125 0.0375
1 0.84921875 0.37578125 0.0265625 0.03125
1 0.87421875 0.36953125 0.040625 0.084375
1 0.86640625 0.3234375 0.01875 0.0265625
1 0.82578125 0.22265625 0.0265625 0.0421875
1 0.83359375 0.25546875 0.0203125 0.021875
1 0.84140625 0.2796875 0.025 0.034375
1 0.871875 0.43359375 0.03125 0.0234375
1 0.8890625 0.46328125 0.03125 0.0484375
1 0.90546875 0.48046875 0.021875 0.0265625
1 0.85625 0.50546875 0.0296875 0.0296875
1 0.8625 0.54453125 0.0375 0.040625
1 0.87890625 0.528125 0.0234375 0.0375
1 0.9015625 0.52734375 0.0375 0.0359375
1 0.91953125 0.57734375 0.03125 0.0859375
1 0.9484375 0.62109375 0.0171875 0.0203125
1 0.9453125 0.6984375 0.028125 0.028125