1 0.31640625 0.12265625 0.03125 0.0484375
1 0.33046875 0.159375 0.0265625 0.03125
1 0.35546875 0.12265625 0.0484375 0.0671875
1 0.38671875 0.1640625 0.0734375 0.08125
1 0.43828125 0.153125 0.1125 0.1578125
1 0.428125 0.24296875 0.115625 0.13125
1 0.40234375 0.36171875 0.0484375 0.06875
1 0.471875 0.4515625 0.075 0.0875
1 0.52578125 0.48515625 0.0828125 0.0765625
1 0.4875 0.5421875 0.0390625 0.065625
1 0.48125 0.64140625 0.0375 0.03125
1 0.41171875 0.634375 0.028125 0.0515625
1 0.38203125 0.61953125 0.0421875 0.0390625
1 0.41953125 0.78203125 0.1359375 0.1359375
1 0.459375 0.0265625 0.046875 0.053125
1 0.5421875 0.09296875 0.109375 0.1859375
1 0.60859375 0.075 0.1484375 0.15
1 0.60390625 0.10078125 0.0703125 0.06875
1 0.71328125 0.0890625 0.1890625 0.178125
1 0.72578125 0.1078125 0.06875 0.1109375
1 0.7984375 0.04375 0.0578125 0.084375
1 0.8609375 0.0125 0.08125 0.025
1 0.9421875 0.07734375 0.0375 0.05625
1 0.9296875 0.190625 0.0515625 0.0546875
1 0.87265625 0.3390625 0.2390625 0.165625
1 0.86484375 0.44140625 0.2703125 0.1890625
1 0.928125 0.43515625 0.1421875 0.0984375
1 0.921875 0.55703125 0.15625 0.1265625
1 0.36484375 0.428125 0.028125 0.0234375
1 0.39609375 0.5 0.0171875 0.03125
1 0.321875 0.415625 0.0328125 0.053125
1 0.34453125 0.33046875 0.034375 0.040625
1 0.3296875 0.19453125 0.0609375 0.0484375
1 0.3453125 0.23046875 0.0265625 0.0375
1 0.3125 0.2546875 0.04375 0.0734375
1 0.2921875 0.21953125 0.0234375 0.034375
1 0.26953125 0.4046875 0.046875 0.0484375
1 0.271875 0.4359375 0.0203125 0.0203125
1 0.271875 0.4796875 0.0359375 0.06875
1 0.290625 0.48046875 0.0171875 0.0359375
1 0.28203125 0.478125 0.015625 0.0296875
1 0.28515625 0.52578125 0.0171875 0.028125
1 0.28125 0.61640625 0.0203125 0.0328125
1 0.2875 0.653125 0.0203125 0.0328125
1 0.296875 0.6140625 0.0234375 0.0265625
1 0.29453125 0.5890625 0.01875 0.034375
1 0.28203125 0.590625 0.0171875 0.028125
1 0.3015625 0.70546875 0.0140625 0.0171875
1 0.296875 0.728125 0.0125 0.015625
1 0.2921875 0.7484375 0.0125 0.0203125
1 0.32734375 0.75078125 0.028125 0.059375
1 0.26875 0.7734375 0.009375 0.0203125
1 0.28515625 0.79296875 0.0109375 0.01875
1 0.2671875 0.81171875 0.0140625 0.0140625
1 0.253125 0.709375 0.0390625 0.0859375
1 0.2359375 0.71171875 0.034375 0.096875
1 0.22890625 0.66796875 0.0359375 0.0765625
1 0.21875 0.7703125 0.0265625 0.0765625
1 0.20390625 0.778125 0.028125 0.0625
1 0.19609375 0.7421875 0.015625 0.0234375
1 0.20078125 0.71328125 0.0171875 0.0296875
1 0.203125 0.68359375 0.0125 0.0234375
1 0.203125 0.59375 0.0203125 0.0484375
1 0.21015625 0.615625 0.0234375 0.0203125
1 0.17109375 0.478125 0.01875 0.028125
1 0.18515625 0.48203125 0.009375 0.0171875
1 0.17421875 0.51953125 0.0125 0.0234375
1 0.159375 0.52578125 0.0140625 0.01875
1 0.16484375 0.5546875 0.0203125 0.0375
1 0.1734375 0.6046875 0.0171875 0.05
1 0.15234375 0.5828125 0.0109375 0.0171875
1 0.14609375 0.5328125 0.0234375 0.0625
1 0.128125 0.59296875 0.0390625 0.1078125
1 0.13515625 0.671875 0.015625 0.040625
1 0.125 0.6765625 0.01875 0.0375
1 0.184375 0.72421875 0.009375 0.021875
1 0.1765625 0.7484375 0.021875 0.040625
1 0.15078125 0.7515625 0.01875 0.034375
1 0.1359375 0.76796875 0.0203125 0.0390625
1 0.096875 0.5796875 0.025 0.0265625
1 0.0875 0.5984375 0.0109375 0.015625
1 0.0921875 0.63125 0.0171875 0.025
1 0.04609375 0.60703125 0.009375 0.0171875
1 0.0921875 0.665625 0.034375 0.0484375
1 0.0890625 0.70859375 0.0375 0.05
1 0.078125 0.746875 0.0375 0.040625
1 0.0984375 0.7890625 0.0359375 0.05625
1 0.07421875 0.7890625 0.0296875 0.053125
1 0.03984375 0.72109375 0.04375 0.053125
1 0.0546875 0.70546875 0.0140625 0.01875