1 0.40234375 0.12578125 0.0234375 0.03125
1 0.31953125 0.1265625 0.0328125 0.0359375
1 0.265625 0.109375 0.0796875 0.1015625
1 0.32265625 0.20546875 0.0703125 0.0828125
1 0.37734375 0.17109375 0.0390625 0.040625
1 0.3765625 0.2453125 0.0328125 0.0421875
1 0.4546875 0.2390625 0.0265625 0.0453125
1 0.63046875 0.22421875 0.0609375 0.0609375
1 0.81796875 0.1703125 0.0390625 0.03125
1 0.85703125 0.22265625 0.03125 0.028125
1 0.928125 0.1296875 0.04375 0.0375
1 0.8921875 0.16875 0.0359375 0.04375
1 0.83359375 0.24453125 0.04375 0.0328125
1 0.7953125 0.3078125 0.0328125 0.046875
1 0.84375 0.28359375 0.06875 0.0515625
1 0.90234375 0.315625 0.059375 0.0671875
1 0.82421875 0.3640625 0.0390625 0.0421875
1 0.92265625 0.3953125 0.0515625 0.08125
1 0.88984375 0.459375 0.021875 0.0203125
1 0.95234375 0.49609375 0.0484375 0.0640625
1 0.9140625 0.5390625 0.0625 0.0375
1 0.840625 0.63125 0.05 0.04375
1 0.86328125 0.68046875 0.046875 0.034375
1 0.81875 0.66640625 0.01875 0.0171875
1 0.89140625 0.70546875 0.0140625 0.01875
1 0.7890625 0.48671875 0.03125 0.034375
1 0.6703125 0.3375 0.084375 0.0578125
1 0.68984375 0.396875 0.05 0.0421875
1 0.69765625 0.45859375 0.1515625 0.053125
1 0.65234375 0.50703125 0.090625 0.046875
1 0.66328125 0.56953125 0.1109375 0.0515625
1 0.70625 0.62109375 0.15 0.071875
1 0.6859375 0.71640625 0.14375 0.0796875
1 0.59140625 0.2703125 0.0390625 0.0375
1 0.57734375 0.2984375 0.05625 0.05
1 0.51875 0.34765625 0.0453125 0.053125
1 0.49375 0.39921875 0.034375 0.0453125
1 0.44140625 0.44296875 0.0546875 0.053125
1 0.44609375 0.48828125 0.0390625 0.0359375
1 0.3859375 0.52109375 0.0890625 0.059375
1 0.49375 0.59140625 0.0375 0.034375
1 0.44765625 0.64453125 0.0375 0.03125
1 0.44375 0.5234375 0.021875 0.0296875
1 0.4234375 0.74765625 0.028125 0.0359375
1 0.36328125 0.70390625 0.09375 0.1203125
1 0.33671875 0.77890625 0.015625 0.015625
1 0.33203125 0.7953125 0.0203125 0.0125
1 0.36953125 0.79296875 0.021875 0.0171875
1 0.3046875 0.56796875 0.0296875 0.040625
1 0.37421875 0.58046875 0.071875 0.05
1 0.24453125 0.4265625 0.1203125 0.1765625
1 0.2875 0.33515625 0.090625 0.1265625
1 0.32265625 0.30078125 0.046875 0.0625
1 0.02265625 0.5703125 0.0453125 0.04375
1 0.03515625 0.14296875 0.046875 0.0484375
1 0.0265625 0.05390625 0.0234375 0.05