1 0.39296875 0.346875 0.0265625 0.0359375
1 0.41796875 0.40859375 0.04375 0.034375
1 0.3984375 0.4265625 0.0359375 0.0375
1 0.4703125 0.48125 0.0921875 0.1171875
1 0.43125 0.55625 0.0703125 0.08125
1 0.47265625 0.55859375 0.0328125 0.0359375
1 0.471875 0.5859375 0.034375 0.0328125
1 0.46015625 0.7296875 0.109375 0.090625
1 0.3875 0.78203125 0.0296875 0.034375
1 0.4125 0.83203125 0.0234375 0.028125
1 0.31015625 0.61640625 0.0265625 0.025
1 0.4984375 0.2484375 0.0703125 0.1125
1 0.45859375 0.3109375 0.0671875 0.071875
1 0.465625 0.2703125 0.05625 0.065625
1 0.553125 0.17109375 0.0375 0.0484375
1 0.55 0.21640625 0.034375 0.0359375
1 0.57734375 0.23984375 0.0625 0.0796875
1 0.60703125 0.13203125 0.0484375 0.053125
1 0.62109375 0.296875 0.0359375 0.046875
1 0.63203125 0.39140625 0.115625 0.125
1 0.6671875 0.29765625 0.0875 0.10625
1 0.6921875 0.36171875 0.0671875 0.06875
1 0.74140625 0.33671875 0.0671875 0.0859375
1 0.80390625 0.44375 0.040625 0.0546875
1 0.88203125 0.48515625 0.0859375 0.1015625
1 0.925 0.62421875 0.078125 0.109375
1 0.94140625 0.425 0.053125 0.0609375
1 0.96015625 0.44921875 0.028125 0.0375
1 0.9375 0.52265625 0.078125 0.1140625
1 0.2484375 0.14921875 0.0421875 0.046875
1 0.27265625 0.15546875 0.0265625 0.0296875
1 0.2578125 0.16796875 0.03125 0.0390625
1 0.234375 0.215625 0.0265625 0.0375
1 0.3609375 0.21640625 0.0328125 0.0296875
1 0.3578125 0.26796875 0.0453125 0.0796875
1 0.33828125 0.2453125 0.0375 0.05625
1 0.29375 0.33671875 0.0375 0.05625
1 0.359375 0.34765625 0.040625 0.0578125
1 0.2046875 0.33359375 0.0234375 0.040625
1 0.1421875 0.37421875 0.0265625 0.0359375
1 0.17734375 0.40625 0.025 0.03125
1 0.05703125 0.30625 0.028125 0.03125
1 0.09296875 0.3671875 0.0515625 0.053125
1 0.0890625 0.425 0.096875 0.0859375
1 0.0296875 0.35625 0.028125 0.0515625
1 0.21875 0.61328125 0.059375 0.071875
1 0.25859375 0.4671875 0.1296875 0.146875
1 0.27421875 0.525 0.134375 0.15
1 0.13359375 0.046875 0.0703125 0.09375
1 0.06953125 0.2515625 0.059375 0.0765625
1 0.03984375 0.309375 0.0265625 0.05
1 0.390625 0.06328125 0.0328125 0.03125
1 0.1234375 0.1375 0.0265625 0.034375
1 0.165625 0.1296875 0.046875 0.096875
1 0.8734375 0.6375 0.0234375 0.028125