1 0.02421875 0.29609375 0.0484375 0.0609375
1 0.10546875 0.47578125 0.0515625 0.05625
1 0.02421875 0.54609375 0.0484375 0.0640625
1 0.18125 0.19921875 0.034375 0.0546875
1 0.18203125 0.10625 0.0390625 0.0546875
1 0.234375 0.1078125 0.046875 0.04375
1 0.26015625 0.134375 0.0515625 0.046875
1 0.34765625 0.1296875 0.04375 0.0609375
1 0.4109375 0.11015625 0.0453125 0.0484375
1 0.384375 0.2203125 0.046875 0.0546875
1 0.23515625 0.32578125 0.0515625 0.0578125
1 0.28984375 0.35234375 0.078125 0.0875
1 0.24375 0.38515625 0.06875 0.08125
1 0.084375 0.41796875 0.0421875 0.0515625
1 0.04765625 0.590625 0.05 0.05625
1 0.1890625 0.64765625 0.0828125 0.090625
1 0.115625 0.73515625 0.0421875 0.0375
1 0.1375 0.7578125 0.0296875 0.040625
1 0.11171875 0.8046875 0.04375 0.0421875
1 0.153125 0.90078125 0.0734375 0.075
1 0.23203125 0.9625 0.0546875 0.0609375
1 0.20546875 0.546875 0.171875 0.153125
1 0.26953125 0.63828125 0.1546875 0.1875
1 0.40546875 0.40078125 0.0953125 0.1296875
1 0.378125 0.45390625 0.0640625 0.0984375
1 0.4234375 0.21875 0.046875 0.0640625
1 0.44609375 0.2390625 0.0578125 0.0640625
1 0.51953125 0.26796875 0.053125 0.0671875
1 0.54453125 0.3109375 0.05 0.053125
1 0.50859375 0.353125 0.0484375 0.065625
1 0.45234375 0.403125 0.05 0.078125
1 0.490625 0.3984375 0.040625 0.0578125
1 0.4703125 0.47734375 0.0515625 0.065625
1 0.45234375 0.51328125 0.046875 0.0421875
1 0.43828125 0.53671875 0.04375 0.0375
1 0.44765625 0.58515625 0.090625 0.0859375
1 0.39765625 0.571875 0.0890625 0.0875
1 0.47109375 0.6328125 0.025 0.025
1 0.56015625 0.57265625 0.015625 0.01875
1 0.584375 0.7265625 0.040625 0.05
1 0.59453125 0.66328125 0.0328125 0.0375
1 0.596875 0.61640625 0.021875 0.028125
1 0.66171875 0.6640625 0.05625 0.059375
1 0.65625 0.78046875 0.071875 0.0796875
1 0.55703125 0.43125 0.04375 0.05625
1 0.5921875 0.321875 0.034375 0.04375
1 0.559375 0.2109375 0.0171875 0.0203125
1 0.509375 0.18046875 0.109375 0.1375
1 0.44453125 0.13046875 0.06875 0.0765625
1 0.4171875 0.02890625 0.040625 0.0515625
1 0.56484375 0.07421875 0.0765625 0.115625
1 0.60078125 0.0375 0.05 0.06875
1 0.67421875 0.44609375 0.0625 0.1203125
1 0.7328125 0.51796875 0.034375 0.0421875
1 0.771875 0.5125 0.0625 0.0625
1 0.83125 0.51015625 0.0546875 0.065625
1 0.82109375 0.6234375 0.028125 0.03125
1 0.83984375 0.65625 0.025 0.0296875
1 0.84453125 0.71171875 0.0234375 0.0234375
1 0.878125 0.74609375 0.03125 0.0375
1 0.82734375 0.825 0.0328125 0.040625
1 0.91015625 0.6953125 0.028125 0.0359375
1 0.91796875 0.71953125 0.0328125 0.028125
1 0.91953125 0.6265625 0.0359375 0.046875
1 0.88359375 0.5828125 0.021875 0.0265625
1 0.7796875 0.39765625 0.0234375 0.0296875
1 0.76328125 0.32578125 0.028125 0.0328125
1 0.82421875 0.38671875 0.04375 0.0421875
1 0.85546875 0.4515625 0.04375 0.0421875
1 0.90703125 0.5 0.034375 0.0328125
1 0.8734375 0.55234375 0.0328125 0.04375
1 0.89609375 0.54140625 0.0390625 0.0484375
1 0.7765625 0.0328125 0.08125 0.065625
1 0.8234375 0.0578125 0.0484375 0.046875
1 0.79609375 0.0796875 0.0375 0.046875
1 0.79296875 0.13203125 0.0609375 0.06875
1 0.85078125 0.12890625 0.0578125 0.06875
1 0.85 0.2046875 0.046875 0.0421875
1 0.846875 0.2515625 0.053125 0.0546875
1 0.91640625 0.2171875 0.05625 0.0671875
1 0.87890625 0.0796875 0.025 0.0265625
1 0.828125 0.003125 0.015625 0.00625
1 0.85859375 0.021875 0.0390625 0.04375
1 0.740625 0.5890625 0.021875 0.028125
1 0.90078125 0.30546875 0.0703125 0.0625
1 0.884375 0.3453125 0.0515625 0.0421875
1 0.90859375 0.3796875 0.0359375 0.0375
1 0.921875 0.44765625 0.0421875 0.04375
1 0.91953125 0.47890625 0.0234375 0.03125
1 0.92109375 0.54453125 0.025 0.0328125
1 0.92265625 0.5859375 0.03125 0.034375
1 0.93125 0.3234375 0.0390625 0.0765625
1 0.940625 0.35390625 0.0578125 0.1140625