1 0.384375 0.1359375 0.1609375 0.1515625
1 0.67109375 0.27265625 0.1796875 0.1921875
1 0.434375 0.2390625 0.10625 0.090625
1 0.49453125 0.271875 0.046875 0.046875
1 0.58359375 0.33125 0.0328125 0.05
1 0.4375 0.41484375 0.0265625 0.0421875
1 0.5203125 0.5171875 0.0625 0.1203125
1 0.6203125 0.65234375 0.096875 0.146875
1 0.5203125 0.64375 0.059375 0.1
1 0.4359375 0.65234375 0.0203125 0.0328125
1 0.3828125 0.56171875 0.021875 0.0265625
1 0.33828125 0.65703125 0.01875 0.025
1 0.4546875 0.8015625 0.0234375 0.0234375
1 0.2453125 0.67578125 0.0171875 0.0203125
1 0.31328125 0.46640625 0.11875 0.2734375
1 0.31484375 0.45546875 0.0234375 0.04375
1 0.228125 0.5609375 0.1015625 0.190625
1 0.48125 0.91875 0.0703125 0.08125
1 0.87578125 0.63046875 0.015625 0.0140625
1 0.828125 0.659375 0.015625 0.0203125
1 0.87734375 0.65859375 0.01875 0.0125
1 0.8421875 0.75859375 0.025 0.015625
1 0.8328125 0.78828125 0.01875 0.0234375
1 0.8203125 0.83046875 0.034375 0.0515625
1 0.80703125 0.88671875 0.0203125 0.028125
1 0.8109375 0.9515625 0.0171875 0.0328125
1 0.9203125 0.8390625 0.0328125 0.0375
1 0.8296875 0.69921875 0.0171875 0.0171875
1 0.97734375 0.6421875 0.025 0.0703125
1 0.93203125 0.64609375 0.0140625 0.0140625
1 0.9671875 0.628125 0.0125 0.015625
1 0.9703125 0.70859375 0.0140625 0.028125
1 0.93828125 0.71015625 0.0109375 0.0203125