1 0.1859375 0.0828125 0.1015625 0.16484375
1 0.29140625 0.14296875 0.13515625 0.1140625
1 0.20234375 0.14921875 0.03828125 0.0453125
1 0.24375 0.23984375 0.13046875 0.0875
1 0.184375 0.28125 0.0359375 0.0375
1 0.29921875 0.30703125 0.03125 0.04609375
1 0.35 0.25703125 0.0484375 0.05625
1 0.3046875 0.353125 0.02890625 0.046875
1 0.29453125 0.3953125 0.03125 0.05
1 0.25703125 0.384375 0.03984375 0.0609375
1 0.284375 0.446875 0.03515625 0.02265625
1 0.32578125 0.4984375 0.0375 0.034375
1 0.35078125 0.3515625 0.034375 0.046875
1 0.41171875 0.37109375 0.0546875 0.0859375
1 0.47578125 0.1109375 0.12421875 0.14140625
1 0.61484375 0.22890625 0.10546875 0.16796875
1 0.53828125 0.16484375 0.065625 0.0625
1 0.56875 0.10703125 0.03984375 0.040625
1 0.0171875 0.384375 0.03359375 0.0609375
1 0.20234375 0.6578125 0.034375 0.034375
1 0.315625 0.66484375 0.0578125 0.07578125
1 0.2796875 0.58046875 0.121875 0.14140625
1 0.3671875 0.53671875 0.05 0.0828125
1 0.39609375 0.58046875 0.04765625 0.0359375
1 0.4578125 0.59921875 0.01953125 0.025
1 0.4609375 0.53125 0.03984375 0.08046875
1 0.5609375 0.57109375 0.0703125 0.103125
1 0.540625 0.44140625 0.05 0.1359375
1 0.58359375 0.5109375 0.05703125 0.0515625
1 0.57578125 0.40234375 0.0203125 0.03671875
1 0.48828125 0.35078125 0.0265625 0.0484375
1 0.47578125 0.4421875 0.01640625 0.02734375
1 0.52265625 0.71953125 0.040625 0.0640625
1 0.46953125 0.6984375 0.03828125 0.0421875
1 0.49609375 0.74765625 0.0359375 0.03515625
1 0.68671875 0.71484375 0.11015625 0.12734375
1 0.70078125 0.659375 0.1359375 0.1
1 0.77734375 0.54921875 0.06171875 0.09921875
1 0.68515625 0.58125 0.06484375 0.1
1 0.81875 0.2390625 0.16953125 0.109375
1 0.8171875 0.10078125 0.23359375 0.2015625
1 0.909375 0.3671875 0.12578125 0.09609375
1 0.9078125 0.52890625 0.01875 0.0234375
1 0.99140625 0.153125 0.0171875 0.04765625
1 0.9859375 0.021875 0.02734375 0.04375
1 0.46796875 0.8140625 0.11015625 0.08671875
1 0.14921875 0.515625 0.0203125 0.02734375
1 0.053125 0.7375 0.10546875 0.1046875