1 0.23203125 0.10234375 0.0453125 0.04453125
1 0.22734375 0.1890625 0.040625 0.04609375
1 0.26875 0.0578125 0.03125 0.02578125
1 0.4203125 0.09765625 0.0578125 0.0765625
1 0.5328125 0.15234375 0.07578125 0.10546875
1 0.90234375 0.14609375 0.0390625 0.0453125
1 0.9 0.20703125 0.0265625 0.03984375
1 0.9421875 0.2046875 0.025 0.0203125
1 0.9109375 0.28984375 0.03046875 0.0359375
1 0.9171875 0.36953125 0.03046875 0.0375
1 0.9203125 0.48046875 0.04765625 0.05859375
1 0.92890625 0.590625 0.01953125 0.025
1 0.97890625 0.4359375 0.01640625 0.02578125
1 0.85703125 0.57109375 0.0921875 0.11328125
1 0.6921875 0.5796875 0.08515625 0.1125
1 0.45 0.27578125 0.03828125 0.03984375
1 0.440625 0.234375 0.01640625 0.01640625
1 0.421875 0.1703125 0.02421875 0.0234375
1 0.440625 0.15546875 0.01875 0.025
1 0.4234375 0.14921875 0.015625 0.01875
1 0.53359375 0.225 0.02421875 0.03203125
1 0.5625 0.22265625 0.01796875 0.02265625
1 0.5890625 0.32734375 0.0171875 0.01796875
1 0.60546875 0.33203125 0.01796875 0.02265625
1 0.578125 0.45078125 0.021875 0.0234375
1 0.59296875 0.428125 0.021875 0.0203125
1 0.5203125 0.3921875 0.01875 0.0265625
1 0.5140625 0.371875 0.0171875 0.02421875
1 0.4828125 0.35390625 0.01796875 0.028125
1 0.36875 0.42109375 0.01875 0.0140625
1 0.37109375 0.4375 0.0234375 0.01796875
1 0.4265625 0.48203125 0.02109375 0.0171875
1 0.43828125 0.47109375 0.021875 0.015625
1 0.49453125 0.50234375 0.0125 0.01953125
1 0.5046875 0.50703125 0.01171875 0.0234375
1 0.5171875 0.5140625 0.01640625 0.0203125
1 0.48359375 0.54453125 0.01171875 0.02578125
1 0.49765625 0.55078125 0.01328125 0.01796875
1 0.52578125 0.55078125 0.01953125 0.01953125
1 0.61328125 0.571875 0.0125 0.0171875
1 0.63828125 0.60234375 0.01640625 0.01796875
1 0.47890625 0.6078125 0.0125 0.025
1 0.48125 0.62890625 0.02109375 0.0203125
1 0.46484375 0.6328125 0.01640625 0.02265625
1 0.56328125 0.64453125 0.0203125 0.0234375
1 0.57421875 0.6640625 0.01328125 0.0234375
1 0.490625 0.6921875 0.0109375 0.01796875
1 0.5609375 0.73203125 0.01796875 0.0140625
1 0.5421875 0.7609375 0.01484375 0.01796875
1 0.57734375 0.8015625 0.015625 0.01875
1 0.5078125 0.82734375 0.015625 0.0203125
1 0.46875 0.77421875 0.01640625 0.0140625
1 0.43203125 0.7890625 0.0140625 0.01640625
1 0.296875 0.41328125 0.0359375 0.028125
1 0.33828125 0.20546875 0.1546875 0.178125
1 0.5171875 0.29921875 0.08984375 0.128125
1 0.428125 0.54296875 0.0234375 0.03515625
1 0.3640625 0.5125 0.02265625 0.025
1 0.38984375 0.52265625 0.01171875 0.0140625
1 0.38828125 0.49375 0.015625 0.03125
1 0.340625 0.62109375 0.009375 0.01484375
1 0.15703125 0.5640625 0.01640625 0.0265625