1 0.6390625 0.13359375 0.046875 0.0546875
1 0.5578125 0.19921875 0.0890625 0.09375
1 0.640625 0.22578125 0.0515625 0.0484375
1 0.60703125 0.28515625 0.0390625 0.0296875
1 0.52578125 0.315625 0.04375 0.0578125
1 0.5796875 0.3609375 0.046875 0.0453125
1 0.72734375 0.34296875 0.025 0.034375
1 0.9453125 0.2109375 0.025 0.0234375
1 0.9953125 0.26953125 0.009375 0.0453125
1 0.94296875 0.365625 0.0234375 0.0359375
1 0.6203125 0.48984375 0.0296875 0.025
1 0.5046875 0.42578125 0.08125 0.1171875
1 0.4140625 0.45546875 0.0828125 0.11875
1 0.5203125 0.52890625 0.025 0.0265625
1 0.59453125 0.5875 0.0359375 0.0359375
1 0.66953125 0.5765625 0.0859375 0.09375
1 0.55625 0.60546875 0.028125 0.0359375
1 0.490625 0.67109375 0.025 0.0234375
1 0.46015625 0.73828125 0.0375 0.0421875
1 0.5328125 0.76171875 0.0296875 0.0375
1 0.3125 0.790625 0.0515625 0.05625
1 0.3703125 0.8109375 0.03125 0.04375
1 0.3265625 0.1125 0.05 0.0875
1 0.3875 0.10703125 0.05 0.0515625
1 0.346875 0.17421875 0.021875 0.0296875
1 0.31015625 0.2328125 0.040625 0.046875
1 0.2640625 0.0296875 0.040625 0.0484375
1 0.2984375 0.47890625 0.0234375 0.0453125
1 0.26875 0.47734375 0.021875 0.025
1 0.16484375 0.534375 0.1234375 0.1671875
1 0.06796875 0.51328125 0.0734375 0.0375
1 0.09921875 0.2921875 0.0640625 0.0515625
1 0.0328125 0.103125 0.0296875 0.0828125