1 0.3390625 0.12734375 0.0875 0.05
1 0.31015625 0.24375 0.03671875 0.06796875
1 0.2921875 0.46484375 0.05078125 0.05859375
1 0.49765625 0.321875 0.05 0.04296875
1 0.53125 0.41640625 0.04609375 0.0546875
1 0.59921875 0.46953125 0.0203125 0.03984375
1 0.56171875 0.59140625 0.0578125 0.065625
1 0.59453125 0.67109375 0.075 0.07109375
1 0.4859375 0.61796875 0.02734375 0.0375
1 0.559375 0.71875 0.05703125 0.05234375
1 0.66953125 0.775 0.02890625 0.03203125
1 0.60078125 0.91796875 0.034375 0.0296875
1 0.70234375 0.253125 0.075 0.12734375
1 0.92890625 0.50234375 0.11875 0.13125
1 0.9125 0.38515625 0.05234375 0.07265625
1 0.86875 0.378125 0.03203125 0.05546875
1 0.85 0.39296875 0.0484375 0.05703125
1 0.83671875 0.41875 0.0640625 0.053125
1 0.884375 0.61484375 0.0328125 0.03125
1 0.93203125 0.7203125 0.12578125 0.159375
1 0.8125 0.85390625 0.153125 0.159375
1 0.55703125 0.7203125 0.04609375 0.04765625
1 0.66953125 0.77421875 0.04140625 0.034375
1 0.59921875 0.915625 0.03359375 0.0296875
1 0.1171875 0.134375 0.0546875 0.046875
1 0.0140625 0.146875 0.0265625 0.06328125
1 0.09375 0.49453125 0.03984375 0.059375