1 0.36328125 0.17109375 0.1078125 0.0703125
1 0.3890625 0.23671875 0.1 0.0953125
1 0.465625 0.29921875 0.1296875 0.184375
1 0.4046875 0.31484375 0.04375 0.040625
1 0.41875 0.38359375 0.0515625 0.028125
1 0.4828125 0.425 0.0640625 0.125
1 0.515625 0.4359375 0.053125 0.084375
1 0.43203125 0.47109375 0.09375 0.1
1 0.378125 0.49375 0.1015625 0.128125
1 0.47109375 0.6171875 0.025 0.0296875
1 0.48671875 0.55234375 0.103125 0.1625
1 0.5421875 0.49296875 0.0875 0.1234375
1 0.56640625 0.5421875 0.1078125 0.1375
1 0.559375 0.65390625 0.096875 0.11875
1 0.578125 0.74375 0.109375 0.1078125
1 0.021875 0.165625 0.04375 0.109375
1 0.075 0.196875 0.10625 0.1046875
1 0.15625 0.19765625 0.103125 0.0984375
1 0.23828125 0.37421875 0.075 0.1078125
1 0.13515625 0.4125 0.1015625 0.121875
1 0.19921875 0.4796875 0.084375 0.0890625
1 0.175 0.559375 0.103125 0.1015625
1 0.04609375 0.3421875 0.04375 0.040625
1 0.025 0.2625 0.0421875 0.0390625
1 0.04921875 0.16640625 0.0453125 0.0515625
1 0.053125 0.109375 0.0734375 0.0625
1 0.5703125 0.20078125 0.05625 0.05
1 0.565625 0.22265625 0.0390625 0.0296875
1 0.5890625 0.2734375 0.0375 0.0359375
1 0.60625 0.3421875 0.040625 0.0421875
1 0.65234375 0.31640625 0.021875 0.0265625
1 0.56484375 0.39453125 0.0390625 0.0375
1 0.6125 0.471875 0.034375 0.046875
1 0.6390625 0.4703125 0.0328125 0.0421875
1 0.65078125 0.53359375 0.0421875 0.046875
1 0.690625 0.5640625 0.0359375 0.0375
1 0.6921875 0.6109375 0.0546875 0.0609375
1 0.659375 0.66328125 0.0375 0.034375
1 0.7265625 0.45625 0.0296875 0.03125
1 0.8625 0.4359375 0.034375 0.0453125
1 0.8578125 0.27109375 0.034375 0.034375
1 0.88125 0.29765625 0.0421875 0.0421875
1 0.94453125 0.3984375 0.0359375 0.0390625
1 0.95390625 0.371875 0.03125 0.04375
1 0.903125 0.1828125 0.025 0.0359375
1 0.69375 0.1078125 0.0328125 0.040625
1 0.7546875 0.1328125 0.0328125 0.0296875
1 0.78828125 0.1875 0.0359375 0.0390625
1 0.809375 0.2375 0.0296875 0.0328125
1 0.940625 0.325 0.0265625 0.0359375
1 0.91796875 0.26015625 0.025 0.025
1 0.8984375 0.21484375 0.0265625 0.028125
1 0.975 0.52578125 0.0328125 0.0421875