1 0.23046875 0.05625 0.03125 0.034375
1 0.3046875 0.0625 0.028125 0.0328125
1 0.35859375 0.065625 0.0546875 0.0453125
1 0.2390625 0.18828125 0.0265625 0.0328125
1 0.3328125 0.1515625 0.0234375 0.0359375
1 0.31796875 0.171875 0.01875 0.03125
1 0.384375 0.12890625 0.03125 0.0375
1 0.4265625 0.178125 0.0375 0.034375
1 0.4375 0.24921875 0.0328125 0.0390625
1 0.42890625 0.3203125 0.0359375 0.0390625
1 0.5 0.16015625 0.09375 0.0984375
1 0.47265625 0.12578125 0.08125 0.0953125
1 0.6 0.24921875 0.0515625 0.1359375
1 0.57421875 0.484375 0.121875 0.134375
1 0.49921875 0.615625 0.03125 0.04375
1 0.47734375 0.6828125 0.0328125 0.0484375
1 0.4 0.7640625 0.05 0.0640625
1 0.40859375 0.54921875 0.0234375 0.0265625
1 0.36484375 0.68515625 0.021875 0.0203125
1 0.34609375 0.7546875 0.01875 0.021875
1 0.27734375 0.6203125 0.0234375 0.025
1 0.29375 0.59609375 0.015625 0.021875
1 0.22421875 0.5578125 0.01875 0.01875
1 0.2703125 0.51171875 0.01875 0.0234375
1 0.1890625 0.46640625 0.0171875 0.0203125
1 0.2234375 0.4671875 0.04375 0.0265625
1 0.253125 0.53671875 0.0359375 0.0265625
1 0.2921875 0.44765625 0.0421875 0.0234375
1 0.04296875 0.325 0.028125 0.0375
1 0.065625 0.34453125 0.0234375 0.028125
1 0.05859375 0.25390625 0.03125 0.0359375
1 0.03671875 0.19453125 0.025 0.03125
1 0.0609375 0.4484375 0.0296875 0.04375
1 0.0609375 0.65390625 0.0375 0.0625
1 0.815625 0.20078125 0.03125 0.0359375
1 0.78046875 0.26171875 0.034375 0.0515625
1 0.88828125 0.1625 0.0640625 0.053125
1 0.9234375 0.16640625 0.0265625 0.03125
1 0.94609375 0.20234375 0.0265625 0.0390625
1 0.94765625 0.271875 0.03125 0.0375
1 0.96796875 0.340625 0.025 0.028125
1 0.94609375 0.38671875 0.075 0.05625
1 0.88828125 0.46796875 0.0703125 0.053125
1 0.83125 0.309375 0.0734375 0.053125
1 0.81171875 0.3546875 0.0875 0.0578125
1 0.84609375 0.3953125 0.18125 0.0953125
1 0.77265625 0.5609375 0.0203125 0.021875
1 0.9625 0.59921875 0.0203125 0.025
1 0.828125 0.5875 0.0234375 0.0203125
1 0.8796875 0.59296875 0.0125 0.01875
1 0.87109375 0.625 0.0125 0.015625
1 0.86796875 0.70390625 0.0125 0.0125
1 0.87265625 0.72734375 0.015625 0.015625
1 0.90625 0.7546875 0.0109375 0.015625
1 0.7734375 0.16171875 0.0109375 0.0171875
1 0.8359375 0.16015625 0.0140625 0.015625
1 0.89453125 0.18828125 0.021875 0.0125
1 0.89296875 0.203125 0.0140625 0.0125
1 0.89375 0.21640625 0.0203125 0.0109375
1 0.80859375 0.2765625 0.01875 0.0203125
1 0.82578125 0.31015625 0.015625 0.015625
1 0.85546875 0.32109375 0.015625 0.0203125
1 0.834375 0.3515625 0.0125 0.01875
1 0.80234375 0.34453125 0.0171875 0.0109375
1 0.83828125 0.4453125 0.015625 0.0140625
1 0.85859375 0.446875 0.0109375 0.0125
1 0.86875 0.50078125 0.015625 0.021875
1 0.87890625 0.44375 0.0171875 0.0171875
1 0.9 0.446875 0.0171875 0.0171875
1 0.92109375 0.4546875 0.0140625 0.015625
1 0.4015625 0.50859375 0.0234375 0.025
1 0.39453125 0.40703125 0.0140625 0.015625
1 0.13671875 0.3421875 0.0421875 0.0265625
1 0.12578125 0.29453125 0.028125 0.0359375
1 0.11875 0.3265625 0.0203125 0.025
1 0.225 0.34765625 0.015625 0.0265625
1 0.23671875 0.3703125 0.0171875 0.0234375
1 0.22578125 0.39453125 0.04375 0.0296875
1 0.16640625 0.42421875 0.0765625 0.0953125
1 0.26484375 0.30546875 0.08125 0.0921875
1 0.28125 0.384375 0.0875 0.0921875
1 0.34453125 0.3421875 0.084375 0.0625
1 0.2625 0.5875 0.046875 0.0328125