1 0.71171875 0.6296875 0.059375 0.0671875
1 0.95390625 0.6984375 0.0921875 0.1625
1 0.6078125 0.65859375 0.146875 0.20625
1 0.68828125 0.50390625 0.028125 0.028125
1 0.77109375 0.2015625 0.059375 0.059375
1 0.69765625 0.1359375 0.0421875 0.0546875
1 0.5859375 0.1125 0.128125 0.075
1 0.64765625 0.253125 0.0875 0.1921875
1 0.70625 0.25859375 0.0890625 0.134375
1 0.5109375 0.496875 0.028125 0.0296875
1 0.3609375 0.24609375 0.15 0.1890625
1 0.26484375 0.26953125 0.0875 0.215625
1 0.29375 0.3359375 0.071875 0.0828125
1 0.2296875 0.35 0.0515625 0.115625
1 0.1640625 0.3390625 0.0359375 0.0703125
1 0.071875 0.55234375 0.0421875 0.0484375
1 0.11015625 0.5828125 0.034375 0.05625
1 0.4765625 0.6640625 0.096875 0.2125
1 0.40625 0.66015625 0.1296875 0.2359375
1 0.1171875 0.90234375 0.05 0.059375
1 0.47421875 0.1859375 0.0390625 0.03125
1 0.47421875 0.159375 0.040625 0.0390625
1 0.45 0.159375 0.0328125 0.0375