1 0.7171875 0.34375 0.1375 0.1921875
1 0.71875 0.475 0.14375 0.159375
1 0.88125 0.43671875 0.06875 0.0953125
1 0.9796875 0.60078125 0.040625 0.2078125
1 0.56484375 0.06015625 0.1140625 0.1203125
1 0.590625 0.44453125 0.1296875 0.196875
1 0.60390625 0.6078125 0.0640625 0.09375
1 0.5671875 0.67734375 0.0375 0.03125
1 0.340625 0.31328125 0.0703125 0.078125
1 0.3734375 0.3796875 0.059375 0.0671875
1 0.4625 0.38984375 0.05 0.0546875
1 0.503125 0.4765625 0.025 0.040625
1 0.5 0.59375 0.021875 0.0296875
1 0.5484375 0.30625 0.109375 0.171875
1 0.47734375 0.57734375 0.0265625 0.0328125
1 0.42109375 0.30078125 0.0421875 0.05
1 0.48515625 0.30078125 0.040625 0.0375
1 0.52421875 0.40078125 0.034375 0.0359375
1 0.490625 0.1703125 0.04375 0.0578125
1 0.42578125 0.11171875 0.109375 0.1296875
1 0.43125 0.18828125 0.04375 0.04375
1 0.37578125 0.190625 0.0453125 0.0390625
1 0.359375 0.23515625 0.0625 0.0796875
1 0.4953125 0.23671875 0.1328125 0.1078125
1 0.34375 0.6453125 0.071875 0.0625
1 0.23359375 0.57421875 0.06875 0.0703125
1 0.0140625 0.3046875 0.028125 0.028125
1 0.0296875 0.36484375 0.0296875 0.0359375
1 0.0046875 0.32578125 0.009375 0.0640625
1 0.20390625 0.68359375 0.034375 0.0515625
1 0.121875 0.56015625 0.0234375 0.021875
1 0.13984375 0.6 0.0171875 0.0203125
1 0.13359375 0.6328125 0.0171875 0.0125
1 0.1453125 0.65859375 0.01875 0.0140625
1 0.16015625 0.57421875 0.015625 0.021875
1 0.1765625 0.60703125 0.015625 0.025
1 0.2078125 0.60859375 0.025 0.0359375
1 0.11328125 0.6578125 0.01875 0.0296875
1 0.115625 0.6828125 0.0125 0.0140625
1 0.12265625 0.72265625 0.0140625 0.0328125
1 0.1359375 0.76796875 0.0234375 0.040625
1 0.0921875 0.771875 0.0125 0.0171875
1 0.09296875 0.71796875 0.015625 0.0203125
1 0.08359375 0.71953125 0.015625 0.025
1 0.07734375 0.75625 0.0140625 0.0234375
1 0.2484375 0.79140625 0.028125 0.05
1 0.28125 0.8703125 0.034375 0.0359375
1 0.4890625 0.6125 0.0328125 0.034375