1 0.0671875 0.06953125 0.0484375 0.04453125
1 0.115625 0.1078125 0.0265625 0.09375
1 0.175 0.06015625 0.034375 0.046875
1 0.03125 0.32265625 0.059375 0.07265625
1 0.19140625 0.18984375 0.025 0.028125
1 0.403125 0.196875 0.07578125 0.0734375
1 0.484375 0.121875 0.040625 0.075
1 0.53515625 0.0984375 0.03828125 0.0515625
1 0.5984375 0.09140625 0.06484375 0.096875
1 0.5875 0.01328125 0.0484375 0.0265625
1 0.39375 0.27734375 0.08671875 0.12578125
1 0.35 0.32109375 0.034375 0.0515625
1 0.384375 0.3875 0.03671875 0.04453125
1 0.53125 0.225 0.0375 0.0375
1 0.640625 0.21640625 0.08125 0.13671875
1 0.58046875 0.278125 0.04375 0.06796875
1 0.55546875 0.34765625 0.0328125 0.04375
1 0.6609375 0.4890625 0.071875 0.0734375
1 0.71171875 0.696875 0.03828125 0.08359375
1 0.69609375 0.81484375 0.04765625 0.0609375
1 0.584375 0.79296875 0.04453125 0.06171875
1 0.47109375 0.7078125 0.0328125 0.0328125
1 0.53671875 0.44765625 0.0671875 0.078125
1 0.5546875 0.51328125 0.07421875 0.1109375
1 0.5984375 0.4953125 0.01875 0.02421875
1 0.50546875 0.57578125 0.03828125 0.04765625
1 0.49140625 0.678125 0.0265625 0.03359375
1 0.52109375 0.6828125 0.01015625 0.021875
1 0.334375 0.63125 0.04765625 0.0578125
1 0.33203125 0.68671875 0.01640625 0.02421875
1 0.31953125 0.715625 0.02109375 0.028125
1 0.30390625 0.6671875 0.0234375 0.01796875
1 0.2125 0.25859375 0.03671875 0.03984375
1 0.10078125 0.42734375 0.07265625 0.1640625
1 0.03828125 0.44765625 0.0765625 0.159375
1 0.23359375 0.384375 0.046875 0.04140625
1 0.12421875 0.57109375 0.04765625 0.0515625
1 0.1640625 0.69375 0.03359375 0.0484375
1 0.13203125 0.815625 0.04609375 0.05234375
1 0.27109375 0.60859375 0.0203125 0.02421875
1 0.27890625 0.53515625 0.02109375 0.02578125
1 0.29921875 0.48359375 0.02578125 0.0296875
1 0.34375 0.459375 0.0734375 0.09921875
1 0.384375 0.54765625 0.08359375 0.103125
1 0.321875 0.5671875 0.04453125 0.07578125
1 0.35234375 0.74921875 0.02734375 0.02890625
1 0.32109375 0.7640625 0.02734375 0.0328125
1 0.28671875 0.265625 0.01953125 0.02890625
1 0.28125 0.3578125 0.02265625 0.0328125
1 0.30703125 0.39140625 0.0203125 0.02890625
1 0.2578125 0.05390625 0.02734375 0.0265625