1 0.06171875 0.19296875 0.1234375 0.1453125
1 0.11328125 0.3046875 0.08125 0.08125
1 0.0640625 0.28046875 0.06875 0.078125
1 0.06171875 0.428125 0.0203125 0.025
1 0.20234375 0.175 0.0546875 0.05
1 0.140625 0.078125 0.065625 0.053125
1 0.15625 0.1703125 0.0265625 0.0359375
1 0.29453125 0.28671875 0.0484375 0.0609375
1 0.3796875 0.1875 0.0875 0.0765625
1 0.39609375 0.215625 0.05 0.0546875
1 0.5625 0.13828125 0.078125 0.096875
1 0.5453125 0.0078125 0.046875 0.015625
1 0.56875 0.03046875 0.0625 0.05625
1 0.165625 0.4828125 0.065625 0.0671875
1 0.37890625 0.31328125 0.0828125 0.109375
1 0.34921875 0.43359375 0.103125 0.1578125
1 0.43984375 0.40234375 0.0671875 0.0703125
1 0.44765625 0.478125 0.0703125 0.0796875
1 0.58671875 0.4109375 0.1296875 0.09375
1 0.5125 0.24140625 0.1609375 0.19375
1 0.11015625 0.68359375 0.0328125 0.0375
1 0.2140625 0.625 0.1109375 0.1375
1 0.103125 0.5203125 0.01875 0.0234375
1 0.240625 0.7140625 0.0203125 0.01875
1 0.421875 0.5921875 0.0875 0.06875
1 0.37578125 0.63203125 0.04375 0.040625
1 0.42421875 0.665625 0.0828125 0.08125
1 0.40703125 0.7234375 0.0796875 0.1015625
1 0.446875 0.79375 0.0296875 0.0390625
1 0.52890625 0.75859375 0.05 0.075
1 0.53984375 0.69375 0.053125 0.05625
1 0.8578125 0.51015625 0.128125 0.075
1 0.8640625 0.5890625 0.0296875 0.0296875
1 0.890625 0.5921875 0.0234375 0.028125
1 0.71796875 0.24765625 0.10625 0.08125
1 0.73359375 0.29375 0.0359375 0.0375
1 0.853125 0.121875 0.125 0.090625
1 0.87890625 0.0296875 0.053125 0.059375
1 0.91796875 0.05390625 0.0265625 0.0359375
1 0.16328125 0.31953125 0.040625 0.0421875
1 0.82421875 0.3265625 0.1203125 0.0734375
1 0.81875 0.2796875 0.159375 0.090625
1 0.75078125 0.33515625 0.0484375 0.0484375
1 0.91640625 0.284375 0.05 0.05625