1 0.41640625 0.21171875 0.08125 0.128125
1 0.45625 0.26875 0.0328125 0.0359375
1 0.46640625 0.1609375 0.0328125 0.028125
1 0.44765625 0.1390625 0.0140625 0.015625
1 0.5265625 0.14765625 0.028125 0.0234375
1 0.57265625 0.328125 0.0734375 0.0734375
1 0.49453125 0.21015625 0.0328125 0.0359375
1 0.5125 0.25078125 0.034375 0.0359375
1 0.47421875 0.30703125 0.0484375 0.0546875
1 0.5265625 0.32109375 0.034375 0.040625
1 0.5203125 0.35625 0.0265625 0.0265625
1 0.47421875 0.36171875 0.0453125 0.05
1 0.50859375 0.409375 0.0359375 0.025
1 0.54140625 0.4 0.046875 0.0421875
1 0.5328125 0.4328125 0.0328125 0.0359375
1 0.5046875 0.43984375 0.0515625 0.0546875
1 0.509375 0.490625 0.0671875 0.0671875
1 0.46875 0.45625 0.01875 0.03125
1 0.4578125 0.49609375 0.0265625 0.034375
1 0.465625 0.55703125 0.0328125 0.0421875
1 0.49140625 0.559375 0.021875 0.0265625
1 0.4765625 0.60546875 0.01875 0.0234375
1 0.44296875 0.63828125 0.015625 0.0234375
1 0.48515625 0.67734375 0.0453125 0.0484375
1 0.43671875 0.72578125 0.0765625 0.0953125
1 0.48671875 0.78984375 0.103125 0.1171875
1 0.41875 0.79296875 0.03125 0.0484375
1 0.5265625 0.834375 0.0203125 0.021875
1 0.546875 0.6421875 0.028125 0.03125
1 0.54453125 0.57578125 0.0234375 0.025
1 0.55390625 0.60625 0.0546875 0.0484375
1 0.3765625 0.68671875 0.0578125 0.0921875
1 0.38359375 0.75859375 0.0140625 0.021875
1 0.36328125 0.475 0.0453125 0.0453125
1 0.70234375 0.36171875 0.0546875 0.1171875
1 0.7671875 0.22890625 0.0515625 0.0703125
1 0.7921875 0.30390625 0.0421875 0.040625
1 0.88046875 0.27890625 0.0390625 0.0484375
1 0.78515625 0.26640625 0.0359375 0.040625
1 0.8765625 0.35625 0.0484375 0.0546875
1 0.9296875 0.22265625 0.08125 0.084375
1 0.8234375 0.5609375 0.2453125 0.3390625
1 0.22265625 0.2578125 0.0765625 0.0796875
1 0.303125 0.26171875 0.021875 0.03125
1 0.25703125 0.2921875 0.03125 0.034375
1 0.31796875 0.42734375 0.0203125 0.0296875
1 0.40078125 0.3609375 0.009375 0.0140625
1 0.32890625 0.49375 0.0296875 0.0359375
1 0.1171875 0.70390625 0.128125 0.1671875
1 0.03515625 0.4953125 0.065625 0.121875
1 0.10390625 0.2125 0.040625 0.0484375
1 0.1375 0.115625 0.0390625 0.0375
1 0.128125 0.15234375 0.0265625 0.028125
1 0.0890625 0.17890625 0.01875 0.021875
1 0.0875 0.1234375 0.0234375 0.0296875
1 0.18828125 0.11171875 0.0203125 0.0265625
1 0.06015625 0.23984375 0.0328125 0.0296875