1 0.265625 0.1515625 0.0375 0.0515625
1 0.28515625 0.18671875 0.0296875 0.034375
1 0.3046875 0.14609375 0.05625 0.0703125
1 0.34140625 0.1828125 0.0828125 0.0875
1 0.390625 0.16484375 0.13125 0.1671875
1 0.39296875 0.25546875 0.1296875 0.1421875
1 0.38359375 0.3765625 0.05625 0.0734375
1 0.465625 0.45625 0.084375 0.0953125
1 0.5234375 0.48203125 0.090625 0.0859375
1 0.49296875 0.54375 0.046875 0.06875
1 0.50078125 0.6421875 0.040625 0.034375
1 0.43125 0.6453125 0.034375 0.053125
1 0.4 0.634375 0.0453125 0.04375
1 0.459375 0.790625 0.15 0.15
1 0.39453125 0.03671875 0.0515625 0.0578125
1 0.48359375 0.09375 0.1328125 0.1875
1 0.54765625 0.0734375 0.1671875 0.146875
1 0.54765625 0.090625 0.078125 0.0765625
1 0.6515625 0.08125 0.2125 0.1625
1 0.66875 0.08046875 0.08125 0.115625
1 0.73203125 0.025 0.0671875 0.05
1 0.87890625 0.02421875 0.0453125 0.0484375
1 0.88203125 0.134375 0.05625 0.0609375
1 0.846875 0.2890625 0.253125 0.1921875
1 0.85546875 0.3921875 0.2890625 0.2203125
1 0.91484375 0.3765625 0.1515625 0.115625
1 0.9203125 0.49609375 0.159375 0.1453125
1 0.35625 0.446875 0.03125 0.0265625
1 0.39765625 0.5140625 0.0203125 0.0328125
1 0.3125 0.44140625 0.0390625 0.0546875
1 0.32265625 0.353125 0.0390625 0.04375
1 0.2890625 0.22109375 0.065625 0.0546875
1 0.309375 0.2546875 0.03125 0.0390625
1 0.28046875 0.28359375 0.0515625 0.0765625
1 0.25546875 0.25078125 0.028125 0.0359375
1 0.25859375 0.4375 0.0515625 0.053125
1 0.26484375 0.46875 0.0234375 0.0234375
1 0.27109375 0.51171875 0.0453125 0.0703125
1 0.28984375 0.509375 0.021875 0.0375
1 0.28046875 0.50859375 0.0203125 0.03125
1 0.290625 0.55546875 0.0203125 0.0296875
1 0.3 0.64609375 0.025 0.034375
1 0.3109375 0.68046875 0.0234375 0.034375
1 0.31484375 0.64140625 0.025 0.0296875
1 0.309375 0.61640625 0.021875 0.0359375
1 0.29609375 0.6203125 0.0203125 0.0296875
1 0.33203125 0.73125 0.015625 0.01875
1 0.33046875 0.75390625 0.0140625 0.0171875
1 0.32890625 0.775 0.0140625 0.021875
1 0.3640625 0.771875 0.0359375 0.0609375
1 0.309375 0.803125 0.0125 0.0203125
1 0.328125 0.8203125 0.0125 0.01875
1 0.31328125 0.84140625 0.015625 0.015625
1 0.28515625 0.7421875 0.05 0.0875
1 0.26796875 0.74609375 0.046875 0.0984375
1 0.2546875 0.7046875 0.0453125 0.078125
1 0.259375 0.80625 0.0359375 0.0765625
1 0.2453125 0.81640625 0.0359375 0.0640625
1 0.2328125 0.78203125 0.01875 0.025
1 0.23359375 0.753125 0.0203125 0.03125
1 0.23203125 0.72265625 0.015625 0.025
1 0.21875 0.634375 0.0265625 0.05
1 0.2296875 0.6546875 0.025 0.0234375
1 0.17109375 0.52421875 0.021875 0.0296875
1 0.1859375 0.52578125 0.0125 0.01875
1 0.18046875 0.5640625 0.015625 0.025
1 0.16640625 0.57265625 0.015625 0.0203125
1 0.17578125 0.60078125 0.025 0.0375
1 0.19140625 0.64921875 0.0234375 0.05
1 0.1671875 0.63046875 0.0125 0.0171875
1 0.15390625 0.58125 0.03125 0.0625
1 0.14453125 0.64453125 0.053125 0.109375
1 0.16328125 0.72109375 0.0203125 0.040625
1 0.153125 0.72734375 0.0234375 0.0390625
1 0.21875 0.765625 0.0125 0.021875
1 0.2140625 0.79140625 0.0265625 0.0421875
1 0.1890625 0.79765625 0.0234375 0.0359375
1 0.1765625 0.815625 0.025 0.040625
1 0.11171875 0.634375 0.028125 0.0296875
1 0.10546875 0.6546875 0.0140625 0.0171875
1 0.1140625 0.68671875 0.01875 0.0265625
1 0.065625 0.66953125 0.0109375 0.0171875
1 0.11953125 0.7203125 0.040625 0.0515625
1 0.121875 0.7640625 0.04375 0.053125
1 0.11640625 0.803125 0.0421875 0.04375
1 0.1421875 0.8421875 0.0421875 0.059375
1 0.11796875 0.8453125 0.0375 0.05625
1 0.075 0.7828125 0.05 0.0578125
1 0.08828125 0.765625 0.015625 0.01875