1 0.525 0.26953125 0.05546875 0.05859375
1 0.50703125 0.309375 0.028125 0.03359375
1 0.5234375 0.3796875 0.03125 0.03515625
1 0.52890625 0.459375 0.08046875 0.10078125
1 0.403125 0.30546875 0.0171875 0.0328125
1 0.14609375 0.13046875 0.05703125 0.0578125
1 0.228125 0.403125 0.02578125 0.04609375
1 0.06796875 0.44765625 0.06953125 0.06171875
1 0.125 0.42265625 0.03671875 0.02578125
1 0.096875 0.43359375 0.02734375 0.0203125
1 0.33671875 0.51171875 0.01953125 0.0265625
1 0.321875 0.528125 0.028125 0.01953125
1 0.37890625 0.58203125 0.08359375 0.11875
1 0.41953125 0.54921875 0.0234375 0.02109375
1 0.46953125 0.5125 0.0109375 0.01953125
1 0.51875 0.553125 0.10078125 0.0953125
1 0.56171875 0.62421875 0.0375 0.06015625
1 0.496875 0.64609375 0.0875 0.10625
1 0.475 0.75 0.07421875 0.11796875
1 0.55859375 0.753125 0.08671875 0.11171875
1 0.67578125 0.70625 0.0453125 0.07734375
1 0.62109375 0.49140625 0.0359375 0.0734375
1 0.65390625 0.4828125 0.028125 0.08671875
1 0.7734375 0.675 0.0625 0.0671875
1 0.97578125 0.6640625 0.0484375 0.0875
1 0.990625 0.6078125 0.01875 0.034375
1 0.9765625 0.4703125 0.046875 0.0640625
1 0.990625 0.42109375 0.01875 0.04609375
1 0.8265625 0.31328125 0.02109375 0.02421875
1 0.7359375 0.28203125 0.0296875 0.03046875
1 0.62890625 0.325 0.065625 0.23125
1 0.67890625 0.190625 0.03203125 0.14375
1 0.50703125 0.31171875 0.0296875 0.03125
1 0.8078125 0.2265625 0.05390625 0.08046875
1 0.75390625 0.16171875 0.04375 0.0375
1 0.86640625 0.1328125 0.0390625 0.03984375
1 0.88203125 0.31328125 0.07109375 0.10703125
1 0.93125 0.025 0.04140625 0.04140625
1 0.95625 0.10390625 0.02265625 0.03046875
1 0.840625 0.03984375 0.0578125 0.06328125
1 0.78203125 0.0484375 0.0546875 0.04921875
1 0.3171875 0.76953125 0.04140625 0.05078125
1 0.21171875 0.671875 0.04453125 0.065625
1 0.190625 0.609375 0.03984375 0.07109375
1 0.0171875 0.12890625 0.034375 0.0421875