1 0.4609375 0.34140625 0.1109375 0.1296875
1 0.52734375 0.18671875 0.0515625 0.0453125
1 0.51015625 0.24921875 0.13125 0.1328125
1 0.5625 0.22578125 0.0375 0.0421875
1 0.61796875 0.1953125 0.128125 0.13125
1 0.703125 0.2953125 0.0421875 0.0453125
1 0.6109375 0.278125 0.0421875 0.046875
1 0.65703125 0.29453125 0.0390625 0.0390625
1 0.665625 0.26328125 0.034375 0.0328125
1 0.7375 0.35859375 0.04375 0.0484375
1 0.72578125 0.44609375 0.0421875 0.0484375
1 0.69140625 0.6359375 0.0296875 0.0375
1 0.67265625 0.7375 0.0296875 0.03125
1 0.975 0.29609375 0.05 0.0421875
1 0.93046875 0.2609375 0.040625 0.040625
1 0.96484375 0.1875 0.0296875 0.0328125
1 0.9765625 0.2421875 0.034375 0.0234375
1 0.98984375 0.43515625 0.0203125 0.1140625
1 0.94140625 0.49375 0.0390625 0.04375
1 0.92734375 0.409375 0.04375 0.05
1 0.24140625 0.13125 0.084375 0.071875
1 0.175 0.07265625 0.040625 0.04375
1 0.10625 0.07734375 0.040625 0.0515625
1 0.10390625 0.15234375 0.0359375 0.0421875
1 0.1171875 0.19375 0.0484375 0.053125
1 0.02578125 0.3734375 0.0359375 0.0765625
1 0.334375 0.52734375 0.028125 0.0375
1 0.315625 0.58828125 0.0671875 0.09375
1 0.3546875 0.54140625 0.0234375 0.028125
1 0.46171875 0.6140625 0.1515625 0.23125
1 0.425 0.81328125 0.05 0.0453125
1 0.33515625 0.7828125 0.0328125 0.0296875
1 0.353125 0.80078125 0.0265625 0.0265625
1 0.425 0.859375 0.03125 0.025
1 0.390625 0.7046875 0.0265625 0.0234375
1 0.53125 0.67421875 0.0296875 0.040625
1 0.5140625 0.66484375 0.03125 0.04375
1 0.52578125 0.615625 0.028125 0.03125
1 0.5890625 0.5078125 0.0328125 0.0390625
1 0.546875 0.4109375 0.0234375 0.028125
1 0.54921875 0.44375 0.0296875 0.034375
1 0.46171875 0.4328125 0.0328125 0.034375
1 0.49765625 0.44921875 0.028125 0.0296875
1 0.48828125 0.4875 0.0359375 0.03125
1 0.6296875 0.45703125 0.0609375 0.0671875
1 0.634375 0.3890625 0.021875 0.028125
1 0.81484375 0.7078125 0.0453125 0.0390625
1 0.79375 0.82421875 0.0265625 0.0265625
1 0.81328125 0.8625 0.0390625 0.0359375
1 0.90078125 0.84609375 0.0265625 0.0328125
1 0.8609375 0.80078125 0.0296875 0.0421875
1 0.92421875 0.6875 0.1125 0.1359375
1 0.88828125 0.45625 0.0359375 0.040625
1 0.8703125 0.515625 0.028125 0.0328125
1 0.89609375 0.51875 0.0484375 0.0859375
1 0.90625 0.4734375 0.0203125 0.028125
1 0.90546875 0.36484375 0.0296875 0.04375
1 0.90078125 0.39765625 0.021875 0.0234375
1 0.89921875 0.42421875 0.028125 0.0359375
1 0.86953125 0.57734375 0.03125 0.025
1 0.875 0.61171875 0.0359375 0.05
1 0.8828125 0.63359375 0.025 0.028125
1 0.82890625 0.63828125 0.03125 0.03125
1 0.81953125 0.67734375 0.040625 0.0421875
1 0.840625 0.66796875 0.0265625 0.0390625
1 0.86171875 0.67578125 0.0390625 0.0375
1 0.86015625 0.72890625 0.040625 0.0875
1 0.8703125 0.7796875 0.01875 0.021875
1 0.83828125 0.85078125 0.0296875 0.03125