1 0.25234375 0.18046875 0.096875 0.1375
1 0.3140625 0.1265625 0.034375 0.046875
1 0.3421875 0.2015625 0.065625 0.0515625
1 0.38671875 0.23828125 0.0359375 0.0390625
1 0.378125 0.30625 0.0375 0.034375
1 0.3265625 0.38984375 0.059375 0.0953125
1 0.34140625 0.48359375 0.0609375 0.078125
1 0.36484375 0.41484375 0.0453125 0.0609375
1 0.44921875 0.4 0.046875 0.05625
1 0.44375 0.29921875 0.03125 0.0484375
1 0.43515625 0.21796875 0.05625 0.05625
1 0.38203125 0.15 0.04375 0.0546875
1 0.38359375 0.11015625 0.0296875 0.0359375
1 0.23984375 0.0546875 0.0671875 0.071875
1 0.26484375 0.51875 0.103125 0.1125
1 0.2390625 0.38203125 0.1046875 0.109375
1 0.084375 0.4171875 0.0875 0.0828125
1 0.046875 0.34765625 0.0265625 0.0265625
1 0.11640625 0.58046875 0.0375 0.0359375
1 0.19921875 0.58671875 0.021875 0.025
1 0.378125 0.69765625 0.0703125 0.05
1 0.40078125 0.7265625 0.05 0.0421875
1 0.084375 0.7203125 0.0984375 0.0984375
1 0.04609375 0.6265625 0.0703125 0.0796875
1 0.15625 0.17890625 0.0703125 0.103125
1 0.134375 0.25 0.0953125 0.1171875
1 0.1421875 0.3734375 0.028125 0.0328125
1 0.01171875 0.31875 0.0234375 0.0296875
1 0.6640625 0.196875 0.025 0.0328125
1 0.69453125 0.27421875 0.071875 0.05625
1 0.46796875 0.43515625 0.0328125 0.0671875
1 0.534375 0.4203125 0.0375 0.08125
1 0.4953125 0.40546875 0.06875 0.1359375
1 0.465625 0.2984375 0.0625 0.13125
1 0.2359375 0.65390625 0.0140625 0.0125
1 0.36015625 0.63125 0.0171875 0.0140625
1 0.41015625 0.59296875 0.0140625 0.015625
1 0.434375 0.55 0.021875 0.0328125
1 0.79609375 0.2765625 0.0359375 0.0359375
1 0.78671875 0.3109375 0.0328125 0.05
1 0.78671875 0.3484375 0.0296875 0.0328125
1 0.76328125 0.38828125 0.05 0.078125
1 0.61015625 0.4203125 0.078125 0.103125
1 0.6546875 0.36875 0.0578125 0.075
1 0.68671875 0.33125 0.0671875 0.0515625
1 0.64453125 0.3296875 0.021875 0.034375
1 0.65 0.2796875 0.028125 0.034375
1 0.659375 0.2359375 0.028125 0.0375
1 0.48046875 0.54609375 0.0734375 0.065625
1 0.41015625 0.596875 0.021875 0.01875
1 0.51875 0.4890625 0.0390625 0.03125
1 0.5765625 0.4921875 0.0359375 0.04375
1 0.553125 0.49765625 0.04375 0.0484375
1 0.64609375 0.475 0.01875 0.028125
1 0.6796875 0.48046875 0.0171875 0.040625
1 0.6421875 0.6078125 0.01875 0.0296875
1 0.63515625 0.6328125 0.0265625 0.021875
1 0.6078125 0.65390625 0.025 0.0265625
1 0.63984375 0.70234375 0.01875 0.0296875
1 0.69453125 0.69296875 0.015625 0.0203125
1 0.6875 0.71796875 0.015625 0.01875
1 0.703125 0.7296875 0.009375 0.0125
1 0.69765625 0.753125 0.0140625 0.025
1 0.67421875 0.6890625 0.021875 0.0375
1 0.6953125 0.6359375 0.0125 0.025
1 0.72890625 0.65703125 0.015625 0.021875
1 0.74140625 0.6984375 0.015625 0.0171875
1 0.7078125 0.66171875 0.0140625 0.021875
1 0.70546875 0.60078125 0.0171875 0.021875
1 0.71015625 0.6375 0.0140625 0.0234375
1 0.725 0.60078125 0.0265625 0.059375
1 0.74609375 0.63203125 0.015625 0.0171875
1 0.8984375 0.653125 0.0390625 0.0703125
1 0.95234375 0.64375 0.0171875 0.0453125
1 0.90703125 0.58984375 0.0171875 0.0109375
1 0.89921875 0.59921875 0.0109375 0.0078125
1 0.9046875 0.615625 0.009375 0.009375
1 0.86953125 0.58515625 0.0109375 0.009375
1 0.8796875 0.596875 0.0078125 0.009375
1 0.809375 0.6 0.01875 0.025
1 0.8265625 0.57734375 0.0171875 0.040625
1 0.83828125 0.60625 0.009375 0.015625
1 0.84921875 0.60390625 0.0109375 0.0171875
1 0.6984375 0.5359375 0.0234375 0.0171875
1 0.696875 0.56796875 0.021875 0.0234375
1 0.7546875 0.465625 0.0171875 0.0203125
1 0.75546875 0.61640625 0.0140625 0.0125
1 0.76875 0.634375 0.0140625 0.0140625
1 0.8359375 0.725 0.0203125 0.0328125
1 0.86171875 0.5703125 0.0109375 0.015625
1 0.97734375 0.55078125 0.009375 0.0109375
1 0.6609375 0.61796875 0.009375 0.0109375
1 0.7359375 0.55 0.0109375 0.0140625
1 0.7546875 0.54375 0.009375 0.0109375
1 0.771875 0.5609375 0.0109375 0.025
1 0.78515625 0.55859375 0.00625 0.009375
1 0.7859375 0.6171875 0.00625 0.0078125
1 0.78984375 0.59296875 0.0078125 0.0109375