1 0.36875 0.17578125 0.0328125 0.0375
1 0.38359375 0.2484375 0.040625 0.0453125
1 0.43203125 0.29609375 0.0296875 0.034375
1 0.39921875 0.32421875 0.0375 0.0484375
1 0.503125 0.34296875 0.025 0.0234375
1 0.496875 0.39375 0.025 0.028125
1 0.46015625 0.36328125 0.03125 0.0375
1 0.44140625 0.38828125 0.0484375 0.0484375
1 0.434375 0.43125 0.05 0.0453125
1 0.46796875 0.49140625 0.0296875 0.034375
1 0.58828125 0.49296875 0.0515625 0.0546875
1 0.62421875 0.44453125 0.028125 0.0421875
1 0.57109375 0.20859375 0.0453125 0.05625
1 0.5703125 0.15078125 0.071875 0.04375
1 0.62578125 0.103125 0.046875 0.0609375
1 0.57265625 0.109375 0.065625 0.04375
1 0.54765625 0.06953125 0.075 0.0328125
1 0.4828125 0.0125 0.06875 0.025
1 0.66875 0.18359375 0.028125 0.03125
1 0.6890625 0.26953125 0.04375 0.053125
1 0.64453125 0.33125 0.0125 0.0203125
1 0.66875 0.36484375 0.0265625 0.0296875
1 0.87109375 0.0359375 0.0671875 0.0609375
1 0.9515625 0.053125 0.096875 0.09375
1 0.9109375 0.246875 0.1171875 0.11875
1 0.8875 0.1609375 0.0921875 0.109375
1 0.94140625 0.16953125 0.0390625 0.046875
1 0.4 0.11953125 0.03125 0.046875
1 0.4375 0.146875 0.01875 0.0421875
1 0.415625 0.1609375 0.0234375 0.028125
1 0.4328125 0.20859375 0.034375 0.040625
1 0.45390625 0.22578125 0.034375 0.04375
1 0.4140625 0.55625 0.0265625 0.0390625
1 0.49140625 0.5859375 0.01875 0.0265625
1 0.521875 0.6421875 0.0203125 0.021875
1 0.5359375 0.7203125 0.015625 0.025
1 0.4203125 0.64453125 0.0171875 0.015625
1 0.43671875 0.70625 0.0140625 0.01875
1 0.4234375 0.76328125 0.025 0.03125
1 0.7140625 0.440625 0.025 0.0234375
1 0.72578125 0.53671875 0.025 0.0203125
1 0.69921875 0.5859375 0.0171875 0.0203125
1 0.72734375 0.578125 0.0140625 0.0140625
1 0.7203125 0.6921875 0.0203125 0.0140625
1 0.69375 0.753125 0.021875 0.025
1 0.8765625 0.67109375 0.075 0.0703125
1 0.78046875 0.39375 0.0234375 0.021875
1 0.97890625 0.48203125 0.0234375 0.034375
1 0.22265625 0.5890625 0.025 0.046875
1 0.20546875 0.6328125 0.0296875 0.03125
1 0.23203125 0.525 0.0265625 0.025