1 0.7796875 0.36875 0.1390625 0.165625
1 0.74375 0.53359375 0.11875 0.165625
1 0.70390625 0.68984375 0.128125 0.1734375
1 0.51015625 0.26640625 0.08125 0.0953125
1 0.68984375 0.17421875 0.1203125 0.1109375
1 0.871875 0.25859375 0.0484375 0.065625
1 0.97578125 0.41953125 0.040625 0.0453125
1 0.99140625 0.69765625 0.0171875 0.0296875
1 0.9734375 0.7328125 0.053125 0.046875
1 0.9265625 0.2296875 0.065625 0.0640625
1 0.9203125 0.1625 0.078125 0.1046875
1 0.55390625 0.07421875 0.04375 0.0484375
1 0.6 0.09140625 0.040625 0.04375
1 0.6359375 0.12109375 0.05 0.046875
1 0.4984375 0.07578125 0.08125 0.096875
1 0.4890625 0.42109375 0.0234375 0.0390625
1 0.509375 0.4375 0.0234375 0.040625
1 0.53515625 0.4640625 0.0171875 0.021875
1 0.52265625 0.58515625 0.0296875 0.0546875
1 0.5421875 0.6140625 0.028125 0.0390625
1 0.5578125 0.634375 0.025 0.0234375
1 0.5140625 0.71953125 0.0546875 0.1265625
1 0.4421875 0.5203125 0.0203125 0.0234375
1 0.46875 0.41171875 0.0125 0.0171875
1 0.43125 0.36015625 0.0140625 0.025
1 0.4609375 0.27734375 0.01875 0.0359375
1 0.41328125 0.25234375 0.015625 0.0234375
1 0.425 0.26484375 0.015625 0.0296875
1 0.4375 0.26484375 0.0375 0.071875
1 0.40078125 0.20390625 0.021875 0.0296875
1 0.42109375 0.21875 0.021875 0.0359375
1 0.31875 0.57734375 0.0078125 0.0109375
1 0.3296875 0.5734375 0.009375 0.009375
1 0.340625 0.565625 0.00625 0.009375
1 0.35234375 0.553125 0.0078125 0.009375
1 0.3609375 0.5484375 0.00625 0.009375
1 0.37578125 0.53828125 0.0078125 0.0109375
1 0.384375 0.56015625 0.00625 0.0078125
1 0.3859375 0.57890625 0.0046875 0.0109375
1 0.30703125 0.5859375 0.0078125 0.0109375
1 0.30546875 0.57265625 0.0078125 0.009375
1 0.30234375 0.6015625 0.0078125 0.009375
1 0.30546875 0.61796875 0.0078125 0.0078125
1 0.30234375 0.64140625 0.003125 0.0046875
1 0.22890625 0.59375 0.0078125 0.0109375
1 0.23125 0.60703125 0.0109375 0.0125
1 0.23203125 0.6265625 0.009375 0.0109375
1 0.20390625 0.60859375 0.009375 0.009375
1 0.20078125 0.58984375 0.0109375 0.0078125
1 0.153125 0.64375 0.0265625 0.040625
1 0.1578125 0.678125 0.025 0.03125
1 0.16953125 0.7171875 0.021875 0.034375
1 0.15625 0.5953125 0.021875 0.028125
1 0.04296875 0.58359375 0.0203125 0.0203125
1 0.028125 0.5984375 0.01875 0.021875
1 0.02421875 0.621875 0.0203125 0.01875
1 0.01640625 0.56796875 0.0171875 0.0140625
1 0.046875 0.70625 0.0140625 0.0234375
1 0.06796875 0.6984375 0.0171875 0.0140625
1 0.10859375 0.67109375 0.0265625 0.0296875
1 0.07578125 0.74765625 0.0109375 0.0125
1 0.1328125 0.71796875 0.05 0.040625
1 0.11796875 0.771875 0.0296875 0.0296875