1 0.21171875 0.0671875 0.046875 0.04375
1 0.14921875 0.11484375 0.0296875 0.0421875
1 0.38671875 0.134375 0.04375 0.0421875
1 0.409375 0.09375 0.0796875 0.046875
1 0.22734375 0.02109375 0.0671875 0.034375
1 0.4546875 0.26328125 0.0328125 0.0390625
1 0.40546875 0.22265625 0.0296875 0.0359375
1 0.4171875 0.340625 0.0328125 0.0359375
1 0.44375 0.396875 0.05625 0.08125
1 0.43984375 0.43671875 0.0453125 0.0765625
1 0.48828125 0.4765625 0.01875 0.0234375
1 0.46484375 0.4609375 0.021875 0.053125
1 0.45859375 0.49296875 0.0234375 0.06875
1 0.39453125 0.54921875 0.0296875 0.0296875
1 0.403125 0.65703125 0.025 0.0328125
1 0.4734375 0.6015625 0.0296875 0.03125
1 0.52109375 0.63046875 0.034375 0.053125
1 0.4796875 0.67890625 0.021875 0.0203125
1 0.46484375 0.734375 0.0203125 0.015625
1 0.51171875 0.73671875 0.0296875 0.015625
1 0.57265625 0.64609375 0.071875 0.078125
1 0.55546875 0.71171875 0.01875 0.028125
1 0.58515625 0.759375 0.0234375 0.01875
1 0.51484375 0.7765625 0.015625 0.01875
1 0.47734375 0.54609375 0.0546875 0.0703125
1 0.5234375 0.5171875 0.025 0.0453125
1 0.55 0.44375 0.040625 0.0671875
1 0.58515625 0.33515625 0.065625 0.0875
1 0.58671875 0.20390625 0.0484375 0.0421875
1 0.6734375 0.20546875 0.046875 0.0765625
1 0.62421875 0.2390625 0.0359375 0.034375
1 0.628125 0.2828125 0.0234375 0.025
1 0.6671875 0.3171875 0.03125 0.0359375
1 0.6046875 0.42421875 0.028125 0.034375
1 0.6734375 0.40546875 0.040625 0.0453125
1 0.67890625 0.45859375 0.0515625 0.0390625
1 0.6671875 0.51171875 0.0203125 0.0234375
1 0.63515625 0.58828125 0.0203125 0.0140625
1 0.57890625 0.53203125 0.015625 0.025
1 0.86875 0.45859375 0.0640625 0.0546875
1 0.84296875 0.509375 0.0578125 0.0515625
1 0.80859375 0.5640625 0.040625 0.0390625
1 0.78671875 0.365625 0.0671875 0.08125
1 0.73828125 0.26015625 0.10625 0.1140625
1 0.71484375 0.2375 0.03125 0.046875
1 0.7265625 0.1625 0.0421875 0.0328125
1 0.76171875 0.10234375 0.0375 0.040625
1 0.715625 0.065625 0.0375 0.0609375
1 0.7921875 0.03515625 0.05 0.0703125
1 0.79609375 0.16171875 0.0671875 0.0734375
1 0.82265625 0.28203125 0.1171875 0.1109375
1 0.95390625 0.06171875 0.0765625 0.1234375
1 0.96640625 0.54140625 0.021875 0.0203125
1 0.91796875 0.6671875 0.096875 0.08125
1 0.865625 0.73515625 0.103125 0.06875
1 0.35390625 0.353125 0.03125 0.0328125
1 0.35703125 0.39921875 0.0234375 0.0359375
1 0.35390625 0.44765625 0.01875 0.0296875
1 0.3765625 0.5625 0.0109375 0.015625
1 0.334375 0.66484375 0.0171875 0.0171875
1 0.2203125 0.6484375 0.0078125 0.009375
1 0.0953125 0.6171875 0.053125 0.0484375
1 0.04453125 0.4515625 0.0234375 0.0265625
1 0.14609375 0.4859375 0.0359375 0.0546875
1 0.23203125 0.4765625 0.025 0.0265625
1 0.2546875 0.50390625 0.0453125 0.0265625
1 0.20625 0.39296875 0.1125 0.1
1 0.25078125 0.23046875 0.121875 0.0921875
1 0.1828125 0.16640625 0.1359375 0.0984375
1 0.06640625 0.340625 0.1328125 0.159375
1 0.84609375 0.01640625 0.0515625 0.0328125