1 0.09453125 0.17109375 0.1390625 0.184375
1 0.2109375 0.20390625 0.159375 0.14375
1 0.1265625 0.23203125 0.0484375 0.053125
1 0.18828125 0.309375 0.1484375 0.1171875
1 0.140625 0.3640625 0.04375 0.0453125
1 0.25859375 0.36171875 0.0421875 0.0515625
1 0.2953125 0.30078125 0.0609375 0.065625
1 0.275 0.4046875 0.0390625 0.053125
1 0.275 0.4484375 0.0421875 0.05625
1 0.2359375 0.446875 0.053125 0.06875
1 0.278125 0.50078125 0.0390625 0.03125
1 0.33046875 0.540625 0.0453125 0.0421875
1 0.31953125 0.3921875 0.0453125 0.053125
1 0.3828125 0.39609375 0.0734375 0.096875
1 0.38203125 0.128125 0.1546875 0.1671875
1 0.54609375 0.209375 0.14375 0.1890625
1 0.45625 0.165625 0.078125 0.0765625
1 0.471875 0.10234375 0.0484375 0.0484375
1 0.01328125 0.50390625 0.0265625 0.0671875
1 0.24921875 0.725 0.0421875 0.0421875
1 0.3609375 0.7046875 0.075 0.0875
1 0.30546875 0.63125 0.153125 0.1671875
1 0.3796875 0.56796875 0.06875 0.0921875
1 0.41875 0.603125 0.0546875 0.046875
1 0.4828125 0.60625 0.025 0.0296875
1 0.46953125 0.53984375 0.0578125 0.0875
1 0.5765625 0.55390625 0.09375 0.1171875
1 0.525 0.43359375 0.08125 0.14375
1 0.58359375 0.490625 0.0671875 0.0640625
1 0.55 0.38671875 0.028125 0.040625
1 0.45234375 0.3578125 0.0375 0.053125
1 0.4625 0.45 0.021875 0.03125
1 0.575 0.7078125 0.0546875 0.071875
1 0.51875 0.7 0.046875 0.05
1 0.55625 0.74140625 0.04375 0.0421875
1 0.7328125 0.66328125 0.1375 0.15
1 0.73359375 0.60625 0.15625 0.1296875
1 0.78125 0.48046875 0.084375 0.1109375
1 0.69921875 0.534375 0.0875 0.1125
1 0.74609375 0.16953125 0.190625 0.146875
1 0.7109375 0.08046875 0.275 0.1609375
1 0.86484375 0.271875 0.1453125 0.1234375
1 0.90234375 0.4296875 0.0234375 0.0265625
1 0.89296875 0.04453125 0.028125 0.05
1 0.54453125 0.8125 0.128125 0.1109375
1 0.16328125 0.6 0.0265625 0.03125
1 0.12421875 0.83828125 0.128125 0.1265625