1 0.1 0.26171875 0.06953125 0.10703125
1 0.11875 0.346875 0.034375 0.053125
1 0.17890625 0.36484375 0.0328125 0.06640625
1 0.17578125 0.5625 0.0515625 0.06640625
1 0.275 0.2625 0.04765625 0.0421875
1 0.3 0.08671875 0.07578125 0.0765625
1 0.3484375 0.04296875 0.0484375 0.07265625
1 0.140625 0.015625 0.15859375 0.03125
1 0.01875 0.175 0.0375 0.09609375
1 0.025 0.38203125 0.04921875 0.096875
1 0.0140625 0.471875 0.028125 0.090625
1 0.0171875 0.56640625 0.03359375 0.07109375
1 0.39453125 0.2796875 0.06015625 0.06953125
1 0.4375 0.36796875 0.07265625 0.06875
1 0.57890625 0.4375 0.0640625 0.0421875
1 0.6140625 0.50234375 0.05234375 0.07734375
1 0.39921875 0.490625 0.10078125 0.05390625
1 0.44375 0.54765625 0.16171875 0.08984375
1 0.32265625 0.63203125 0.16328125 0.09375
1 0.453125 0.64140625 0.140625 0.11328125
1 0.43671875 0.7484375 0.1125 0.10625
1 0.3484375 0.75625 0.1375 0.1125
1 0.64609375 0.3171875 0.0375 0.0375
1 0.61640625 0.21796875 0.053125 0.0578125
1 0.4796875 0.1671875 0.16796875 0.11171875
1 0.46953125 0.24609375 0.0765625 0.07421875
1 0.5203125 0.3484375 0.04765625 0.06484375
1 0.58515625 0.1375 0.07265625 0.06328125
1 0.653125 0.1125 0.05078125 0.04453125
1 0.73671875 0.09765625 0.025 0.0421875
1 0.5515625 0.0125 0.0609375 0.02421875
1 0.77421875 0.078125 0.03515625 0.06640625
1 0.78359375 0.1421875 0.015625 0.034375
1 0.78046875 0.2203125 0.01640625 0.02109375
1 0.025 0.81640625 0.0390625 0.03203125