1 0.1375 0.03203125 0.05 0.059375
1 0.23046875 0.0796875 0.04375 0.0828125
1 0.36875 0.02265625 0.040625 0.0453125
1 0.46875 0.009375 0.0375 0.01875
1 0.6203125 0.24140625 0.03125 0.0453125
1 0.67265625 0.1765625 0.115625 0.159375
1 0.69921875 0.08203125 0.1078125 0.0765625
1 0.846875 0.08515625 0.0421875 0.05625
1 0.92421875 0.13125 0.0921875 0.1
1 0.96796875 0.08203125 0.0640625 0.0921875
1 0.31640625 0.2515625 0.0515625 0.06875
1 0.4765625 0.115625 0.0265625 0.0359375
1 0.4890625 0.1828125 0.0375 0.046875
1 0.55625 0.1875 0.0296875 0.0328125
1 0.553125 0.27890625 0.025 0.0484375
1 0.578125 0.3140625 0.025 0.0234375
1 0.496875 0.315625 0.0453125 0.05
1 0.37109375 0.3578125 0.0765625 0.146875
1 0.303125 0.36640625 0.096875 0.1515625
1 0.08828125 0.2859375 0.046875 0.071875
1 0.1375 0.39140625 0.0328125 0.053125
1 0.03125 0.3421875 0.0453125 0.08125
1 0.03828125 0.4234375 0.053125 0.0546875
1 0.05546875 0.546875 0.0890625 0.1421875
1 0.10078125 0.4609375 0.090625 0.14375
1 0.3765625 0.48515625 0.053125 0.0625
1 0.4078125 0.62421875 0.0375 0.059375
1 0.36796875 0.7375 0.0421875 0.0484375
1 0.55390625 0.72578125 0.0296875 0.040625
1 0.55 0.621875 0.034375 0.03125
1 0.52265625 0.5484375 0.03125 0.03125
1 0.5296875 0.46640625 0.025 0.03125
1 0.5578125 0.41875 0.0265625 0.028125
1 0.4109375 0.0515625 0.034375 0.075
1 0.6515625 0.4984375 0.1171875 0.125
1 0.58046875 0.58359375 0.05 0.0859375
1 0.57890625 0.63828125 0.021875 0.0140625
1 0.5578125 0.66484375 0.0234375 0.0328125
1 0.5921875 0.71328125 0.0484375 0.034375
1 0.7359375 0.68515625 0.05 0.046875
1 0.88671875 0.8265625 0.0765625 0.1078125
1 0.8046875 0.66328125 0.025 0.0296875
1 0.77265625 0.6484375 0.040625 0.0546875
1 0.7921875 0.51796875 0.059375 0.0578125
1 0.9359375 0.40546875 0.028125 0.0265625
1 0.99140625 0.38125 0.0171875 0.090625
1 0.846875 0.359375 0.103125 0.109375
1 0.8609375 0.44453125 0.1140625 0.1375
1 0.6609375 0.3078125 0.05 0.0609375
1 0.59921875 0.38671875 0.0921875 0.1171875
1 0.88359375 0.2234375 0.05625 0.0578125