1 0.709375 0.33203125 0.1453125 0.196875
1 0.7171875 0.46328125 0.15 0.1640625
1 0.87734375 0.4171875 0.0734375 0.096875
1 0.9796875 0.575 0.040625 0.209375
1 0.540625 0.059375 0.11875 0.11875
1 0.5875 0.43984375 0.1375 0.2
1 0.609375 0.60234375 0.06875 0.0953125
1 0.57578125 0.6734375 0.0390625 0.0328125
1 0.33125 0.321875 0.0734375 0.0796875
1 0.3671875 0.38671875 0.0625 0.06875
1 0.45703125 0.3921875 0.053125 0.05625
1 0.5015625 0.4765625 0.028125 0.040625
1 0.5046875 0.59375 0.0234375 0.03125
1 0.53828125 0.3046875 0.1171875 0.175
1 0.48125 0.578125 0.028125 0.0328125
1 0.4109375 0.3046875 0.04375 0.0515625
1 0.475 0.30234375 0.0421875 0.0390625
1 0.51953125 0.39921875 0.0359375 0.0375
1 0.4734375 0.17109375 0.0453125 0.059375
1 0.40546875 0.11640625 0.115625 0.1328125
1 0.415625 0.1921875 0.0453125 0.0453125
1 0.359375 0.19765625 0.0453125 0.040625
1 0.34609375 0.24296875 0.065625 0.0828125
1 0.48203125 0.2375 0.1359375 0.1140625
1 0.3515625 0.653125 0.0734375 0.0640625
1 0.23828125 0.5875 0.071875 0.071875
1 0.009375 0.33046875 0.01875 0.0296875
1 0.0234375 0.38984375 0.03125 0.0375
1 0.2140625 0.69921875 0.0359375 0.0515625
1 0.12578125 0.5796875 0.0234375 0.0234375
1 0.14609375 0.61875 0.0171875 0.021875
1 0.14140625 0.6515625 0.0171875 0.0140625
1 0.1546875 0.6765625 0.01875 0.0140625
1 0.1640625 0.5921875 0.015625 0.021875
1 0.18203125 0.62421875 0.0171875 0.025
1 0.2140625 0.6234375 0.0265625 0.0375
1 0.121875 0.678125 0.0203125 0.03125
1 0.12578125 0.70234375 0.0140625 0.0140625
1 0.13515625 0.7421875 0.015625 0.0328125
1 0.15078125 0.78671875 0.025 0.040625
1 0.10703125 0.79296875 0.0140625 0.01875
1 0.10546875 0.73828125 0.015625 0.0203125
1 0.0953125 0.740625 0.0171875 0.025
1 0.09140625 0.778125 0.015625 0.0234375
1 0.2640625 0.80390625 0.0296875 0.05
1 0.30078125 0.88125 0.0359375 0.0375
1 0.49453125 0.6125 0.0328125 0.034375