1 0.33203125 0.2515625 0.0734375 0.125
1 0.3875 0.29375 0.03125 0.034375
1 0.36328125 0.1875 0.03125 0.0265625
1 0.33828125 0.17265625 0.0140625 0.015625
1 0.41640625 0.15703125 0.0265625 0.021875
1 0.515625 0.3140625 0.06875 0.0703125
1 0.4046875 0.22578125 0.0296875 0.034375
1 0.43515625 0.259375 0.0328125 0.034375
1 0.415625 0.325 0.046875 0.053125
1 0.4703125 0.321875 0.0328125 0.0390625
1 0.47421875 0.35703125 0.0265625 0.025
1 0.4328125 0.3765625 0.0421875 0.046875
1 0.48046875 0.4109375 0.034375 0.0234375
1 0.50859375 0.3921875 0.0453125 0.040625
1 0.5109375 0.4265625 0.03125 0.034375
1 0.4859375 0.44140625 0.05 0.053125
1 0.50546875 0.48828125 0.0640625 0.0640625
1 0.45703125 0.46796875 0.0171875 0.0296875
1 0.45859375 0.509375 0.025 0.0328125
1 0.48515625 0.56484375 0.03125 0.040625
1 0.51015625 0.559375 0.0203125 0.0265625
1 0.51015625 0.60703125 0.0171875 0.021875
1 0.48828125 0.64921875 0.0140625 0.021875
1 0.540625 0.67265625 0.0421875 0.046875
1 0.51015625 0.734375 0.071875 0.090625
1 0.5765625 0.7796875 0.096875 0.1125
1 0.51328125 0.80390625 0.028125 0.046875
1 0.62890625 0.81015625 0.01875 0.021875
1 0.5890625 0.6203125 0.0265625 0.0296875
1 0.565625 0.5578125 0.0234375 0.0234375
1 0.584375 0.584375 0.053125 0.0453125
1 0.440625 0.715625 0.053125 0.0890625
1 0.46953125 0.78125 0.0125 0.021875
1 0.3625 0.51875 0.0421875 0.0421875
1 0.64921875 0.30625 0.046875 0.115625
1 0.6703125 0.159375 0.046875 0.0671875
1 0.7171875 0.22265625 0.040625 0.0390625
1 0.79375 0.171875 0.0359375 0.046875
1 0.69921875 0.18984375 0.0328125 0.0390625
1 0.81328125 0.246875 0.0453125 0.053125
1 0.82265625 0.10390625 0.0765625 0.08125
1 0.8265625 0.45859375 0.2265625 0.328125
1 0.1609375 0.3546875 0.0734375 0.0765625
1 0.2390625 0.334375 0.0203125 0.0296875
1 0.2046875 0.37734375 0.0296875 0.0328125
1 0.30390625 0.48671875 0.01875 0.0296875
1 0.3625 0.3984375 0.009375 0.0140625
1 0.3359375 0.546875 0.028125 0.034375
1 0.19921875 0.8125 0.11875 0.1625
1 0.05703125 0.6390625 0.0578125 0.1203125
1 0.034375 0.34921875 0.0375 0.0453125
1 0.03671875 0.24609375 0.0375 0.034375
1 0.0390625 0.284375 0.025 0.0265625
1 0.01015625 0.321875 0.0171875 0.0203125
1 0.0828125 0.2265625 0.01875 0.0265625
1 0.00859375 0.3875 0.0171875 0.028125