1 0.10546875 0.40546875 0.04140625 0.0484375
1 0.059375 0.30859375 0.02734375 0.028125
1 0.3578125 0.36640625 0.0765625 0.06328125
1 0.39296875 0.4359375 0.0921875 0.05390625
1 0.49609375 0.4078125 0.0484375 0.053125
1 0.51640625 0.44453125 0.03359375 0.03984375
1 0.5984375 0.53125 0.09609375 0.12890625
1 0.54609375 0.64140625 0.1046875 0.09921875
1 0.484375 0.73125 0.12890625 0.06640625
1 0.409375 0.8109375 0.04296875 0.04140625
1 0.26796875 0.78203125 0.04140625 0.0359375
1 0.159375 0.6890625 0.02734375 0.0421875
1 0.696875 0.83671875 0.08984375 0.1265625
1 0.68125 0.540625 0.07578125 0.08359375
1 0.56796875 0.30859375 0.05234375 0.0453125
1 0.5734375 0.3515625 0.034375 0.040625
1 0.40703125 0.24921875 0.03125 0.03828125
1 0.41953125 0.21796875 0.028125 0.034375
1 0.46640625 0.290625 0.0359375 0.0390625
1 0.4609375 0.31796875 0.03046875 0.03515625
1 0.44609375 0.15625 0.10390625 0.0828125
1 0.346875 0.16953125 0.0390625 0.0390625
1 0.2453125 0.190625 0.021875 0.03046875
1 0.26015625 0.21171875 0.025 0.03046875
1 0.31875 0.43515625 0.03359375 0.028125
1 0.23203125 0.37578125 0.0421875 0.0296875
1 0.04375 0.425 0.03515625 0.02421875
1 0.0265625 0.50546875 0.01796875 0.0265625
1 0.0484375 0.584375 0.0328125 0.0296875
1 0.121875 0.6015625 0.0203125 0.01796875
1 0.35703125 0.49375 0.0171875 0.0171875
1 0.4421875 0.51640625 0.03203125 0.028125
1 0.44609375 0.54140625 0.03203125 0.025
1 0.503125 0.525 0.0171875 0.01875