1 0.7015625 0.64375 0.05625 0.0640625
1 0.94921875 0.73125 0.1015625 0.15625
1 0.59609375 0.665625 0.134375 0.2
1 0.6875 0.5171875 0.0265625 0.0265625
1 0.79140625 0.22109375 0.05625 0.05625
1 0.72265625 0.15078125 0.0390625 0.053125
1 0.6125 0.11953125 0.125 0.0671875
1 0.6640625 0.2640625 0.075 0.1890625
1 0.721875 0.2734375 0.08125 0.1296875
1 0.5109375 0.49765625 0.0265625 0.028125
1 0.37890625 0.23671875 0.1390625 0.18125
1 0.28125 0.25390625 0.0734375 0.2125
1 0.30546875 0.321875 0.0671875 0.0796875
1 0.240625 0.33203125 0.04375 0.1125
1 0.1765625 0.315625 0.03125 0.06875
1 0.06953125 0.52265625 0.0390625 0.0453125
1 0.10546875 0.55546875 0.03125 0.0546875
1 0.46484375 0.6625 0.0828125 0.209375
1 0.3953125 0.653125 0.1140625 0.23125
1 0.08984375 0.875 0.046875 0.0578125
1 0.49609375 0.184375 0.0375 0.028125
1 0.4984375 0.15859375 0.0375 0.0375
1 0.4734375 0.15625 0.0296875 0.0359375