1 0.47265625 0.26953125 0.0671875 0.0703125
1 0.4640625 0.3125 0.034375 0.0390625
1 0.49609375 0.37734375 0.0390625 0.040625
1 0.51875 0.45390625 0.1015625 0.115625
1 0.36171875 0.33203125 0.0234375 0.0359375
1 0.071875 0.21953125 0.06875 0.06875
1 0.21328125 0.46640625 0.0359375 0.05
1 0.0671875 0.54609375 0.08125 0.075
1 0.1171875 0.509375 0.0421875 0.0328125
1 0.0921875 0.52578125 0.03125 0.0265625
1 0.34375 0.5484375 0.025 0.0296875
1 0.3328125 0.5671875 0.03125 0.025
1 0.40078125 0.60703125 0.1078125 0.134375
1 0.4328125 0.56640625 0.028125 0.0265625
1 0.4734375 0.51875 0.015625 0.021875
1 0.53046875 0.54765625 0.1203125 0.115625
1 0.58828125 0.60703125 0.05 0.0671875
1 0.5296875 0.64296875 0.109375 0.1234375
1 0.53203125 0.74921875 0.0984375 0.13125
1 0.6140625 0.73359375 0.109375 0.128125
1 0.71796875 0.66171875 0.0609375 0.0859375
1 0.61640625 0.4640625 0.0515625 0.0796875
1 0.64609375 0.4484375 0.046875 0.090625
1 0.80546875 0.609375 0.0765625 0.0796875
1 0.98359375 0.553125 0.0328125 0.096875
1 0.99453125 0.49375 0.0109375 0.0375
1 0.9578125 0.3640625 0.059375 0.0734375
1 0.96015625 0.3125 0.028125 0.0484375
1 0.7765625 0.24453125 0.0265625 0.028125
1 0.68046875 0.234375 0.0359375 0.0359375
1 0.5859375 0.30078125 0.115625 0.240625
1 0.6046875 0.15859375 0.0640625 0.146875
1 0.46484375 0.31484375 0.0359375 0.0375
1 0.73828125 0.1640625 0.0703125 0.090625
1 0.67109375 0.11328125 0.0515625 0.046875
1 0.77421875 0.06015625 0.046875 0.046875
1 0.83046875 0.23203125 0.09375 0.1203125
1 0.85546875 0.0140625 0.0296875 0.028125
1 0.67265625 0.01328125 0.0640625 0.0265625
1 0.3828125 0.80390625 0.0515625 0.059375
1 0.2578125 0.73203125 0.0578125 0.0734375
1 0.2234375 0.67578125 0.0546875 0.078125