1 0.4703125 0.03671875 0.084375 0.0734375
1 0.440625 0.11796875 0.059375 0.0609375
1 0.42109375 0.23125 0.0609375 0.0578125
1 0.39609375 0.35234375 0.05625 0.0578125
1 0.3578125 0.5125 0.0859375 0.0875
1 0.321875 0.67265625 0.034375 0.0453125
1 0.46015625 0.4609375 0.0359375 0.0390625
1 0.50546875 0.12421875 0.0421875 0.04375
1 0.6140625 0.271875 0.03125 0.0546875
1 0.6140625 0.3890625 0.028125 0.034375
1 0.51640625 0.5859375 0.028125 0.0265625
1 0.50078125 0.62265625 0.0390625 0.03125
1 0.47578125 0.70234375 0.0265625 0.028125
1 0.51171875 0.78125 0.025 0.025
1 0.59453125 0.69453125 0.0296875 0.0359375
1 0.64140625 0.615625 0.071875 0.0875
1 0.45078125 0.88359375 0.0546875 0.059375
1 0.709375 0.80546875 0.2125 0.1796875
1 0.9375 0.75234375 0.05 0.0671875
1 0.22734375 0.6078125 0.1546875 0.190625
1 0.0375 0.56328125 0.075 0.1828125