1 0.14140625 0.43828125 0.0703125 0.06875
1 0.16328125 0.384375 0.0546875 0.0515625
1 0.3140625 0.39609375 0.04375 0.0359375
1 0.3875 0.425 0.0328125 0.03125
1 0.3171875 0.29765625 0.0390625 0.0390625
1 0.015625 0.403125 0.03125 0.0375
1 0.153125 0.6671875 0.0796875 0.071875
1 0.33359375 0.6546875 0.059375 0.0703125
1 0.29765625 0.82109375 0.1328125 0.196875
1 0.35234375 0.5484375 0.053125 0.0453125
1 0.3890625 0.5796875 0.0546875 0.0640625
1 0.3859375 0.521875 0.059375 0.0578125
1 0.571875 0.54296875 0.0296875 0.028125
1 0.6578125 0.509375 0.028125 0.0375
1 0.675 0.51953125 0.01875 0.0203125
1 0.7640625 0.33359375 0.0671875 0.109375
1 0.84765625 0.40390625 0.1234375 0.203125
1 0.9203125 0.2328125 0.0484375 0.0546875
1 0.7265625 0.253125 0.0265625 0.0359375
1 0.6890625 0.246875 0.0625 0.1046875
1 0.75234375 0.03046875 0.0578125 0.0609375
1 0.8453125 0.01796875 0.071875 0.0359375
1 0.88125 0.0734375 0.153125 0.146875
1 0.59140625 0.79765625 0.0421875 0.04375
1 0.6359375 0.7578125 0.09375 0.1296875
1 0.56015625 0.71796875 0.0484375 0.0328125
1 0.53984375 0.64375 0.0234375 0.0328125
1 0.4890625 0.63515625 0.0421875 0.0546875
1 0.5203125 0.60625 0.021875 0.021875
1 0.52578125 0.71484375 0.0140625 0.0140625
1 0.50078125 0.57109375 0.015625 0.0171875
1 0.55546875 0.5640625 0.0171875 0.0203125
1 0.06640625 0.628125 0.021875 0.0203125
1 0.03125 0.64453125 0.03125 0.0296875
1 0.02734375 0.66953125 0.0328125 0.103125
1 0.66328125 0.0609375 0.0828125 0.121875
1 0.66484375 0.13984375 0.0203125 0.04375
1 0.61953125 0.01796875 0.0234375 0.0359375
1 0.56640625 0.1640625 0.0296875 0.0421875
1 0.6171875 0.334375 0.025 0.0546875
1 0.53125 0.375 0.0203125 0.0234375
1 0.51796875 0.396875 0.0171875 0.0203125
1 0.4953125 0.4015625 0.0171875 0.0171875
1 0.49296875 0.41953125 0.0140625 0.0125
1 0.453125 0.31875 0.028125 0.0265625
1 0.47421875 0.33203125 0.01875 0.0203125
1 0.47734375 0.35078125 0.021875 0.021875
1 0.4921875 0.34765625 0.0171875 0.025
1 0.4484375 0.26015625 0.0375 0.03125
1 0.44375 0.203125 0.0296875 0.0328125