1 0.01953125 0.13359375 0.0390625 0.0515625
1 0.06484375 0.16484375 0.0390625 0.096875
1 0.1171875 0.109375 0.040625 0.0515625
1 0.02265625 0.38984375 0.0453125 0.0796875
1 0.1515625 0.2359375 0.028125 0.03125
1 0.36171875 0.21328125 0.0859375 0.0828125
1 0.43203125 0.12734375 0.05 0.0796875
1 0.47890625 0.09765625 0.0453125 0.05625
1 0.540625 0.08203125 0.078125 0.1046875
1 0.51796875 0.0109375 0.0515625 0.021875
1 0.3640625 0.29453125 0.103125 0.1359375
1 0.3265625 0.34375 0.040625 0.05625
1 0.36953125 0.4046875 0.0421875 0.0484375
1 0.49296875 0.2234375 0.0421875 0.0421875
1 0.6 0.19921875 0.1 0.146875
1 0.5484375 0.26875 0.053125 0.0734375
1 0.53359375 0.34140625 0.0390625 0.0484375
1 0.6578125 0.46640625 0.08125 0.0828125
1 0.73671875 0.665625 0.05 0.0875
1 0.73828125 0.784375 0.05625 0.0671875
1 0.62421875 0.778125 0.053125 0.0671875
1 0.5 0.71015625 0.0375 0.0375
1 0.52890625 0.44296875 0.078125 0.0859375
1 0.55625 0.50546875 0.0890625 0.1203125
1 0.596875 0.48203125 0.021875 0.0265625
1 0.515625 0.57421875 0.0453125 0.053125
1 0.51640625 0.67734375 0.03125 0.0375
1 0.54609375 0.678125 0.0125 0.0234375
1 0.35390625 0.653125 0.0546875 0.0640625
1 0.359375 0.70859375 0.0203125 0.0265625
1 0.3515625 0.73828125 0.025 0.03125
1 0.32890625 0.69296875 0.025 0.0203125
1 0.18203125 0.30078125 0.0421875 0.0453125
1 0.09453125 0.48359375 0.0953125 0.171875
1 0.0421875 0.5125 0.084375 0.16875
1 0.2203125 0.42265625 0.0515625 0.046875
1 0.1375 0.62265625 0.0546875 0.0578125
1 0.19453125 0.73828125 0.040625 0.053125
1 0.1796875 0.8640625 0.053125 0.0578125
1 0.28828125 0.6390625 0.0234375 0.0265625
1 0.2859375 0.565625 0.025 0.028125
1 0.29921875 0.51171875 0.0296875 0.0328125
1 0.33984375 0.48125 0.0859375 0.1078125
1 0.3921875 0.56328125 0.096875 0.1140625
1 0.3328125 0.59140625 0.0546875 0.08125
1 0.38828125 0.7671875 0.03125 0.0328125
1 0.359375 0.78671875 0.03125 0.0359375
1 0.25625 0.29765625 0.0234375 0.03125
1 0.26328125 0.38984375 0.0265625 0.0359375
1 0.29375 0.41953125 0.0234375 0.03125
1 0.1984375 0.0921875 0.03125 0.0296875