1 0.35703125 0.10546875 0.02734375 0.04609375
1 0.3671875 0.14375 0.0234375 0.02890625
1 0.39609375 0.109375 0.0421875 0.0625
1 0.42265625 0.15390625 0.06640625 0.07421875
1 0.475 0.1484375 0.09765625 0.14765625
1 0.45546875 0.23671875 0.10390625 0.12109375
1 0.4171875 0.35234375 0.04140625 0.06484375
1 0.47734375 0.44921875 0.06640625 0.08125
1 0.52734375 0.48828125 0.0765625 0.06875
1 0.4828125 0.540625 0.0328125 0.0625
1 0.46640625 0.63828125 0.03515625 0.02734375
1 0.3984375 0.62421875 0.02265625 0.04921875
1 0.3703125 0.60625 0.03828125 0.0359375
1 0.390625 0.771875 0.1234375 0.12421875
1 0.509375 0.025 0.04140625 0.04921875
1 0.58515625 0.09453125 0.08984375 0.1890625
1 0.65390625 0.07890625 0.1328125 0.1578125
1 0.6453125 0.1140625 0.06484375 0.0625
1 0.75703125 0.09765625 0.1703125 0.1953125
1 0.765625 0.13359375 0.0578125 0.1046875
1 0.84453125 0.07734375 0.04921875 0.0796875
1 0.91328125 0.03125 0.075 0.0625
1 0.98359375 0.12578125 0.0328125 0.053125
1 0.959375 0.2375 0.04609375 0.05078125
1 0.8875 0.37890625 0.225 0.1421875
1 0.87109375 0.48125 0.2578125 0.1625
1 0.9328125 0.48046875 0.134375 0.08515625
1 0.9203125 0.6015625 0.15859375 0.11015625
1 0.3734375 0.4140625 0.0265625 0.02109375
1 0.396875 0.4890625 0.0140625 0.03046875
1 0.33203125 0.39765625 0.028125 0.05
1 0.36328125 0.31484375 0.03046875 0.03828125
1 0.3625 0.178125 0.05625 0.04296875
1 0.37421875 0.215625 0.02265625 0.03515625
1 0.3390625 0.23671875 0.0359375 0.0703125
1 0.32265625 0.19921875 0.0203125 0.03203125
1 0.28046875 0.38125 0.0421875 0.04453125
1 0.2796875 0.4125 0.01875 0.01875
1 0.275 0.45625 0.0296875 0.065625
1 0.29375 0.45859375 0.0140625 0.034375
1 0.28515625 0.45546875 0.01328125 0.028125
1 0.28359375 0.503125 0.01484375 0.0265625
1 0.2703125 0.59296875 0.0171875 0.03125
1 0.27265625 0.6296875 0.0171875 0.03046875
1 0.2859375 0.5921875 0.0203125 0.025
1 0.28671875 0.5671875 0.01484375 0.0328125
1 0.2734375 0.5671875 0.0140625 0.0265625
1 0.28125 0.68359375 0.01171875 0.015625
1 0.27421875 0.70546875 0.0109375 0.01484375
1 0.2671875 0.725 0.01015625 0.01953125
1 0.30234375 0.73125 0.02265625 0.05703125
1 0.24140625 0.74765625 0.0078125 0.01953125
1 0.25546875 0.76875 0.009375 0.0171875
1 0.2359375 0.7859375 0.0125 0.01328125
1 0.2328125 0.6828125 0.03046875 0.0828125
1 0.215625 0.6828125 0.02421875 0.0953125
1 0.2125 0.6390625 0.028125 0.0734375
1 0.1921875 0.7390625 0.01875 0.075
1 0.1765625 0.7453125 0.02109375 0.0609375
1 0.17265625 0.709375 0.01328125 0.02265625
1 0.18046875 0.68125 0.0140625 0.02890625
1 0.1859375 0.6515625 0.01015625 0.02265625
1 0.19453125 0.5625 0.015625 0.046875
1 0.2 0.584375 0.021875 0.01875
1 0.175 0.44375 0.01640625 0.0265625
1 0.1890625 0.44921875 0.0078125 0.0171875
1 0.17421875 0.48515625 0.0109375 0.02265625
1 0.15859375 0.48984375 0.0125 0.0171875
1 0.1609375 0.51953125 0.0171875 0.03515625
1 0.1640625 0.5703125 0.0125 0.0484375
1 0.1453125 0.54609375 0.009375 0.015625
1 0.14453125 0.4953125 0.01640625 0.0609375
1 0.1203125 0.55390625 0.028125 0.10546875
1 0.11953125 0.6328125 0.0109375 0.0390625
1 0.10859375 0.63671875 0.015625 0.03671875
1 0.1625 0.68984375 0.0078125 0.02109375
1 0.15234375 0.71328125 0.01796875 0.0390625
1 0.1265625 0.7140625 0.015625 0.0328125
1 0.11015625 0.728125 0.01640625 0.03828125
1 0.090625 0.53671875 0.02265625 0.025
1 0.0796875 0.5546875 0.01015625 0.01484375
1 0.08046875 0.5875 0.0140625 0.0234375
1 0.0375 0.559375 0.0078125 0.01640625
1 0.07734375 0.621875 0.0296875 0.04609375
1 0.06953125 0.66484375 0.0328125 0.046875
1 0.0546875 0.7015625 0.034375 0.03671875
1 0.0703125 0.7453125 0.03046875 0.05390625
1 0.04609375 0.74296875 0.025 0.0515625
1 0.01953125 0.671875 0.0390625 0.05
1 0.0359375 0.6578125 0.01171875 0.0171875