1 0.08046875 0.29765625 0.078125 0.1125
1 0.10703125 0.38046875 0.0390625 0.05625
1 0.16796875 0.39296875 0.0390625 0.06875
1 0.1828125 0.590625 0.0578125 0.0703125
1 0.25546875 0.2828125 0.0515625 0.046875
1 0.26484375 0.10546875 0.0828125 0.0828125
1 0.309375 0.0578125 0.0546875 0.0765625
1 0.1 0.0484375 0.1609375 0.0453125
1 0.00703125 0.21796875 0.0140625 0.0984375
1 0.02265625 0.42421875 0.0453125 0.1015625
1 0.015625 0.51328125 0.03125 0.0921875
1 0.025 0.60859375 0.0390625 0.0734375
1 0.37578125 0.28984375 0.065625 0.075
1 0.4265625 0.37421875 0.078125 0.075
1 0.5734375 0.43125 0.0671875 0.046875
1 0.6140625 0.4921875 0.059375 0.08125
1 0.3984375 0.49921875 0.1046875 0.0625
1 0.4484375 0.55234375 0.16875 0.103125
1 0.33515625 0.646875 0.1703125 0.1078125
1 0.465625 0.6453125 0.15 0.125
1 0.45859375 0.753125 0.121875 0.115625
1 0.37109375 0.76875 0.146875 0.1234375
1 0.6296875 0.30546875 0.040625 0.040625
1 0.59140625 0.20859375 0.0578125 0.0625
1 0.45078125 0.1703125 0.1765625 0.1265625
1 0.44765625 0.25 0.0828125 0.08125
1 0.50703125 0.346875 0.053125 0.06875
1 0.553125 0.13125 0.078125 0.06875
1 0.61875 0.10078125 0.0546875 0.0484375
1 0.70078125 0.07890625 0.028125 0.04375
1 0.5078125 0.0125 0.0625 0.025
1 0.73671875 0.05546875 0.040625 0.06875
1 0.7515625 0.11875 0.01875 0.0359375
1 0.7546875 0.196875 0.01875 0.021875
1 0.0546875 0.85625 0.0421875 0.0359375