1 0.07421875 0.3125 0.0828125 0.1140625
1 0.103125 0.39453125 0.040625 0.05625
1 0.16484375 0.4046875 0.040625 0.0703125
1 0.1859375 0.6015625 0.059375 0.071875
1 0.24765625 0.29140625 0.053125 0.0484375
1 0.25078125 0.1140625 0.084375 0.0859375
1 0.29375 0.06484375 0.05625 0.078125
1 0.084375 0.06328125 0.1609375 0.05
1 0.021875 0.43984375 0.04375 0.1015625
1 0.01640625 0.53125 0.0328125 0.09375
1 0.02890625 0.625 0.0421875 0.075
1 0.36875 0.29453125 0.06875 0.0765625
1 0.421875 0.3765625 0.08125 0.0765625
1 0.5703125 0.428125 0.06875 0.05
1 0.61328125 0.48828125 0.0609375 0.0828125
1 0.3984375 0.503125 0.10625 0.065625
1 0.45 0.55390625 0.171875 0.109375
1 0.33984375 0.65234375 0.1734375 0.1125
1 0.47109375 0.64609375 0.153125 0.1296875
1 0.4671875 0.7546875 0.125 0.11875
1 0.38046875 0.77265625 0.15 0.128125
1 0.62265625 0.30078125 0.0421875 0.0421875
1 0.58125 0.20625 0.059375 0.0640625
1 0.4390625 0.171875 0.1796875 0.13125
1 0.4390625 0.2515625 0.084375 0.0828125
1 0.5015625 0.346875 0.0546875 0.0703125
1 0.540625 0.1296875 0.0796875 0.071875
1 0.6046875 0.096875 0.05625 0.05
1 0.6859375 0.071875 0.0296875 0.0453125
1 0.49140625 0.0125 0.0640625 0.025
1 0.72109375 0.04765625 0.04375 0.0703125
1 0.7375 0.11015625 0.0203125 0.0359375
1 0.74453125 0.18828125 0.01875 0.0234375
1 0.0671875 0.871875 0.0421875 0.0359375