1 0.40625 0.47265625 0.03984375 0.034375
1 0.4796875 0.46953125 0.0140625 0.021875
1 0.421875 0.40859375 0.0359375 0.0359375
1 0.475 0.39296875 0.03828125 0.053125
1 0.51796875 0.38203125 0.02578125 0.04140625
1 0.42109375 0.515625 0.01796875 0.02265625
1 0.4265625 0.33984375 0.034375 0.0328125
1 0.44140625 0.25625 0.01796875 0.03125
1 0.46484375 0.2390625 0.01484375 0.02890625
1 0.51796875 0.3015625 0.0234375 0.05
1 0.48671875 0.3203125 0.04140625 0.0578125
1 0.5390625 0.53203125 0.03984375 0.03359375
1 0.5484375 0.590625 0.05546875 0.06640625
1 0.5625 0.67578125 0.0734375 0.09765625
1 0.503125 0.5421875 0.03671875 0.05546875
1 0.48125 0.27734375 0.03984375 0.0484375
1 0.51875 0.26015625 0.0421875 0.0546875
1 0.48671875 0.2203125 0.02109375 0.034375
1 0.5078125 0.22578125 0.02578125 0.034375
1 0.5828125 0.2453125 0.01796875 0.03828125
1 0.6046875 0.26484375 0.02109375 0.03046875
1 0.58671875 0.3109375 0.02109375 0.0359375
1 0.60859375 0.32578125 0.021875 0.03203125
1 0.59296875 0.3859375 0.021875 0.04375
1 0.6140625 0.3921875 0.01953125 0.03828125
1 0.59765625 0.4671875 0.01875 0.03515625
1 0.61796875 0.46640625 0.01875 0.03203125
1 0.61796875 0.503125 0.015625 0.02734375
1 0.6078125 0.534375 0.02265625 0.028125
1 0.62578125 0.54375 0.01875 0.0234375
1 0.6140625 0.58515625 0.01796875 0.0203125
1 0.63125 0.590625 0.0171875 0.02265625
1 0.615625 0.63359375 0.0171875 0.02734375
1 0.63359375 0.64140625 0.0171875 0.02109375
1 0.6359375 0.68828125 0.01640625 0.025
1 0.6765625 0.70859375 0.028125 0.025
1 0.65703125 0.421875 0.00859375 0.0296875
1 0.646875 0.49765625 0.0125 0.02265625
1 0.65703125 0.51953125 0.01640625 0.02109375
1 0.66875 0.43671875 0.0078125 0.046875
1 0.6828125 0.45859375 0.01953125 0.034375
1 0.68828125 0.4359375 0.0234375 0.03203125
1 0.153125 0.4859375 0.01796875 0.0203125
1 0.17421875 0.515625 0.03515625 0.0296875
1 0.2078125 0.55546875 0.0296875 0.0265625
1 0.23828125 0.58046875 0.0125 0.01640625
1 0.19140625 0.61640625 0.01796875 0.0234375
1 0.19921875 0.6421875 0.02734375 0.03125
1 0.21328125 0.6046875 0.0078125 0.0171875
1 0.26796875 0.509375 0.0234375 0.03515625
1 0.25625 0.5515625 0.03046875 0.02890625
1 0.26015625 0.58671875 0.02265625 0.03125
1 0.28359375 0.55859375 0.015625 0.02265625
1 0.29375 0.56953125 0.01640625 0.015625
1 0.28671875 0.5859375 0.01953125 0.01328125
1 0.290625 0.51640625 0.01484375 0.009375
1 0.2859375 0.49765625 0.01015625 0.015625
1 0.26640625 0.47578125 0.0171875 0.0296875
1 0.24140625 0.503125 0.0203125 0.0265625
1 0.23125 0.51875 0.0203125 0.02578125
1 0.2984375 0.5421875 0.0109375 0.01328125
1 0.3015625 0.52578125 0.01328125 0.009375
1 0.303125 0.50390625 0.01484375 0.0171875
1 0.30625 0.49453125 0.015625 0.0125
1 0.1359375 0.484375 0.0140625 0.01484375
1 0.1171875 0.49453125 0.01484375 0.0125
1 0.12421875 0.5140625 0.0234375 0.01484375
1 0.09140625 0.528125 0.046875 0.0109375
1 0.115625 0.54453125 0.0359375 0.03046875
1 0.09296875 0.5625 0.028125 0.02265625
1 0.046875 0.5609375 0.0203125 0.0125
1 0.04296875 0.5765625 0.02265625 0.01875
1 0.07734375 0.62109375 0.01484375 0.01484375
1 0.109375 0.59453125 0.02109375 0.01875
1 0.09609375 0.60859375 0.01484375 0.01328125
1 0.1 0.653125 0.03125 0.01953125
1 0.0765625 0.66953125 0.0328125 0.01796875
1 0.10859375 0.47890625 0.0109375 0.009375
1 0.1 0.50234375 0.0125 0.0140625
1 0.07578125 0.50390625 0.02421875 0.0171875
1 0.0875 0.51875 0.01640625 0.0125
1 0.0515625 0.50390625 0.01484375 0.01171875
1 0.04765625 0.51796875 0.0140625 0.0078125
1 0.05703125 0.5359375 0.01796875 0.00859375
1 0.04296875 0.484375 0.03125 0.01796875
1 0.01875 0.5234375 0.0296875 0.0328125
1 0.0140625 0.55859375 0.0234375 0.01484375
1 0.025 0.59453125 0.009375 0.00703125
1 0.17578125 0.55 0.00703125 0.0109375
1 0.23515625 0.60390625 0.00390625 0.01015625
1 0.2453125 0.6265625 0.0078125 0.00390625
1 0.31640625 0.52109375 0.015625 0.0125
1 0.325 0.54375 0.01796875 0.03515625
1 0.340625 0.57265625 0.0125 0.02109375
1 0.31875 0.57734375 0.015625 0.0140625
1 0.32890625 0.56953125 0.01875 0.03125
1 0.32109375 0.603125 0.02109375 0.02265625
1 0.29921875 0.61484375 0.0078125 0.01171875
1 0.296875 0.65078125 0.021875 0.01171875
1 0.35546875 0.59140625 0.0078125 0.0140625
1 0.365625 0.56953125 0.0265625 0.03203125
1 0.39375 0.5171875 0.00546875 0.0109375
1 0.38984375 0.53125 0.009375 0.0109375
1 0.3828125 0.5453125 0.01015625 0.009375
1 0.38359375 0.55625 0.0171875 0.0171875
1 0.71171875 0.52109375 0.0125 0.02578125
1 0.71015625 0.54921875 0.00703125 0.0078125
1 0.70859375 0.5359375 0.00625 0.00625
1 0.75078125 0.53828125 0.01328125 0.0265625
1 0.74921875 0.56796875 0.00859375 0.02109375
1 0.73046875 0.56171875 0.00390625 0.0109375
1 0.72265625 0.58046875 0.0046875 0.0125
1 0.7375 0.56328125 0.0109375 0.01484375
1 0.73203125 0.5921875 0.01328125 0.0421875
1 0.74375 0.58515625 0.01796875 0.028125
1 0.72578125 0.596875 0.009375 0.0078125
1 0.725 0.61015625 0.0046875 0.00859375
1 0.746875 0.6296875 0.01015625 0.01015625
1 0.73828125 0.63515625 0.0109375 0.01953125
1 0.8125 0.61875 0.01640625 0.0171875
1 0.8265625 0.63828125 0.01640625 0.01875
1 0.7625 0.64296875 0.01796875 0.01171875
1 0.74453125 0.6640625 0.015625 0.01640625
1 0.74453125 0.6515625 0.0125 0.01171875
1 0.753125 0.6734375 0.0078125 0.0109375
1 0.765625 0.653125 0.0234375 0.0109375
1 0.76796875 0.6703125 0.0203125 0.01015625