1 0.2921875 0.1234375 0.0640625 0.0578125
1 0.37109375 0.18515625 0.03125 0.0421875
1 0.45703125 0.23828125 0.1375 0.1515625
1 0.51171875 0.29296875 0.1484375 0.125
1 0.65859375 0.25859375 0.0390625 0.0671875
1 0.7734375 0.32734375 0.065625 0.0328125
1 0.8390625 0.053125 0.071875 0.0890625
1 0.88515625 0.20234375 0.09375 0.0703125
1 0.96328125 0.175 0.053125 0.065625
1 0.83125 0.25703125 0.05625 0.05625
1 0.90703125 0.3234375 0.084375 0.1453125
1 0.225 0.15546875 0.0421875 0.053125
1 0.20546875 0.0390625 0.065625 0.059375
1 0.0640625 0.0296875 0.046875 0.03125
1 0.1140625 0.11953125 0.0453125 0.046875
1 0.16640625 0.15859375 0.065625 0.0515625
1 0.23359375 0.08984375 0.0234375 0.0328125
1 0.11875 0.22734375 0.0453125 0.0453125
1 0.02734375 0.196875 0.0546875 0.040625
1 0.01015625 0.08046875 0.0203125 0.0328125
1 0.0546875 0.24375 0.028125 0.04375
1 0.06015625 0.30546875 0.0328125 0.040625
1 0.125 0.334375 0.05 0.040625
1 0.065625 0.3796875 0.028125 0.04375
1 0.15703125 0.4703125 0.059375 0.0921875
1 0.209375 0.54609375 0.0640625 0.0921875
1 0.26015625 0.39765625 0.0421875 0.0359375
1 0.33515625 0.50703125 0.1625 0.109375
1 0.3171875 0.5703125 0.040625 0.04375
1 0.40546875 0.58828125 0.159375 0.0921875
1 0.08125 0.56015625 0.08125 0.065625
1 0.04453125 0.4921875 0.0375 0.0453125
1 0.08515625 0.6375 0.03125 0.034375
1 0.11796875 0.67265625 0.0359375 0.0296875
1 0.209375 0.69296875 0.1265625 0.1390625
1 0.21875 0.7859375 0.1421875 0.128125
1 0.3125 0.80625 0.059375 0.078125
1 0.4 0.8 0.05625 0.0625
1 0.48203125 0.775 0.0375 0.053125
1 0.5875 0.7671875 0.0546875 0.0671875
1 0.6765625 0.7984375 0.05625 0.0453125
1 0.86328125 0.7796875 0.078125 0.084375
1 0.81796875 0.6265625 0.08125 0.134375
1 0.94609375 0.60390625 0.0578125 0.0578125
1 0.915625 0.65390625 0.0875 0.09375
1 0.9 0.48359375 0.11875 0.178125
1 0.97421875 0.3296875 0.04375 0.071875
1 0.95078125 0.40078125 0.0390625 0.0546875
1 0.97578125 0.23203125 0.0296875 0.0421875
1 0.6671875 0.396875 0.0484375 0.0515625
1 0.67578125 0.509375 0.046875 0.0765625
1 0.64296875 0.571875 0.065625 0.06875
1 0.6203125 0.4890625 0.0625 0.0515625
1 0.6875 0.66171875 0.04375 0.090625
1 0.7046875 0.7296875 0.046875 0.0921875
1 0.4515625 0.5015625 0.046875 0.0609375
1 0.57265625 0.40390625 0.1515625 0.103125
1 0.5125 0.465625 0.11875 0.1421875