1 0.65234375 0.12265625 0.1140625 0.084375
1 0.62421875 0.1921875 0.04375 0.0375
1 0.615625 0.23125 0.0296875 0.0484375
1 0.678125 0.24453125 0.0546875 0.0484375
1 0.6875 0.27265625 0.0359375 0.0359375
1 0.84453125 0.26171875 0.0609375 0.0453125
1 0.83203125 0.21953125 0.0515625 0.065625
1 0.74453125 0.3625 0.0578125 0.0609375
1 0.78203125 0.39375 0.040625 0.0421875
1 0.92578125 0.4828125 0.1484375 0.1625
1 0.87265625 0.62890625 0.1609375 0.1390625
1 0.7828125 0.76328125 0.1671875 0.0796875
1 0.68359375 0.85859375 0.0390625 0.04375
1 0.51796875 0.80859375 0.0390625 0.0390625
1 0.4140625 0.71484375 0.01875 0.0296875
1 0.58515625 0.49453125 0.0171875 0.0203125
1 0.615625 0.43203125 0.1046875 0.046875
1 0.5734375 0.3671875 0.0796875 0.0546875
1 0.6890625 0.4921875 0.034375 0.0359375
1 0.6984375 0.52578125 0.0390625 0.0375
1 0.7765625 0.490625 0.0203125 0.0234375
1 0.53671875 0.44609375 0.034375 0.0265625
1 0.4484375 0.41328125 0.0328125 0.01875
1 0.45625 0.25703125 0.0359375 0.0328125
1 0.54140625 0.18515625 0.028125 0.040625
1 0.3203125 0.3953125 0.0203125 0.01875
1 0.35390625 0.4671875 0.025 0.028125
1 0.31484375 0.49140625 0.0203125 0.0171875
1 0.32421875 0.621875 0.0234375 0.0296875
1 0.37734375 0.63671875 0.0171875 0.0140625
1 0.365625 0.309375 0.0203125 0.0234375
1 0.3671875 0.3671875 0.0203125 0.0234375
1 0.1109375 0.40625 0.0734375 0.084375
1 0.1078125 0.525 0.01875 0.0171875
1 0.084375 0.55078125 0.0125 0.0140625
1 0.06875 0.56640625 0.0109375 0.015625
1 0.16953125 0.51640625 0.025 0.0359375
1 0.2046875 0.4984375 0.028125 0.0484375
1 0.17890625 0.5 0.0109375 0.04375
1 0.1875 0.48984375 0.0078125 0.040625
1 0.190625 0.5671875 0.05 0.0875
1 0.15390625 0.703125 0.0546875 0.1015625
1 0.09375 0.7890625 0.0515625 0.09375
1 0.0265625 0.7421875 0.0171875 0.0234375
1 0.00625 0.67578125 0.0125 0.0453125
1 0.0046875 0.54921875 0.009375 0.0265625
1 0.05546875 0.5984375 0.0203125 0.015625
1 0.15703125 0.63671875 0.0125 0.015625
1 0.30625 0.5609375 0.0109375 0.01875