1 0.74140625 0.38359375 0.1078125 0.1765625
1 0.71953125 0.51328125 0.12109375 0.140625
1 0.88671875 0.50390625 0.0546875 0.0875
1 0.97578125 0.68671875 0.0484375 0.203125
1 0.640625 0.07578125 0.096875 0.11015625
1 0.59921875 0.4609375 0.09921875 0.1828125
1 0.58359375 0.62421875 0.05 0.0859375
1 0.53515625 0.6859375 0.034375 0.025
1 0.37578125 0.28828125 0.059375 0.06875
1 0.39609375 0.359375 0.05 0.059375
1 0.48203125 0.38515625 0.04296875 0.04765625
1 0.50703125 0.47734375 0.01953125 0.0375
1 0.48359375 0.5921875 0.01796875 0.02734375
1 0.58125 0.31796875 0.0828125 0.16015625
1 0.4640625 0.571875 0.021875 0.02890625
1 0.45703125 0.28984375 0.034375 0.0453125
1 0.5203125 0.3015625 0.0359375 0.03203125
1 0.54140625 0.40625 0.02890625 0.03125
1 0.5484375 0.1734375 0.03515625 0.05234375
1 0.49453125 0.1046875 0.09140625 0.115625
1 0.48671875 0.18125 0.0375 0.0375
1 0.43125 0.1734375 0.03984375 0.03203125
1 0.4078125 0.21484375 0.05078125 0.07265625
1 0.54140625 0.23984375 0.11875 0.0890625
1 0.32109375 0.615625 0.0640625 0.0515625
1 0.225 0.5265625 0.059375 0.06015625
1 0.05390625 0.2234375 0.02890625 0.0234375
1 0.06015625 0.28515625 0.025 0.03203125
1 0.0296875 0.23984375 0.02734375 0.06015625
1 0.1765625 0.6296875 0.02578125 0.04765625
1 0.1171875 0.49375 0.0203125 0.01875
1 0.128125 0.5359375 0.0140625 0.01875
1 0.11640625 0.5671875 0.015625 0.01015625
1 0.1234375 0.59453125 0.01640625 0.0109375
1 0.15234375 0.5140625 0.01171875 0.0203125
1 0.1625 0.54921875 0.01171875 0.02265625
1 0.19375 0.55625 0.01875 0.03359375
1 0.09140625 0.58828125 0.01484375 0.028125
1 0.08984375 0.61328125 0.0109375 0.0125
1 0.08984375 0.65390625 0.00859375 0.03203125
1 0.0953125 0.70078125 0.0171875 0.0375
1 0.0515625 0.696875 0.01015625 0.01640625
1 0.06171875 0.64375 0.0125 0.01796875
1 0.0515625 0.64375 0.01171875 0.0234375
1 0.0390625 0.67890625 0.0109375 0.02109375
1 0.2015625 0.74296875 0.01953125 0.046875
1 0.2203125 0.8265625 0.0296875 0.03125
1 0.46953125 0.60859375 0.02734375 0.0296875