1 0.24140625 0.1890625 0.1 0.140625
1 0.3015625 0.1328125 0.0359375 0.0484375
1 0.33203125 0.20703125 0.0671875 0.053125
1 0.378125 0.24296875 0.0375 0.0390625
1 0.37109375 0.31015625 0.0390625 0.0359375
1 0.32265625 0.39609375 0.0625 0.096875
1 0.34140625 0.4890625 0.0640625 0.0796875
1 0.36171875 0.41953125 0.046875 0.0609375
1 0.4453125 0.40234375 0.0484375 0.0578125
1 0.43671875 0.3015625 0.03125 0.0484375
1 0.42578125 0.2203125 0.0578125 0.0578125
1 0.3703125 0.1546875 0.0453125 0.05625
1 0.3703125 0.11484375 0.03125 0.0375
1 0.22421875 0.0640625 0.06875 0.0734375
1 0.265625 0.52734375 0.10625 0.1140625
1 0.234375 0.390625 0.1078125 0.1125
1 0.08125 0.43203125 0.090625 0.0859375
1 0.04140625 0.36328125 0.0265625 0.0265625
1 0.11953125 0.59375 0.0375 0.0375
1 0.20234375 0.596875 0.021875 0.025
1 0.38515625 0.7015625 0.071875 0.0515625
1 0.40859375 0.7296875 0.0515625 0.04375
1 0.0921875 0.73515625 0.1015625 0.1015625
1 0.05078125 0.6421875 0.071875 0.0828125
1 0.1453125 0.190625 0.0734375 0.1046875
1 0.12578125 0.2625 0.1 0.1203125
1 0.13828125 0.3859375 0.028125 0.0328125
1 0.009375 0.33515625 0.01875 0.0296875
1 0.653125 0.19140625 0.0265625 0.0328125
1 0.68671875 0.26796875 0.0734375 0.0578125
1 0.465625 0.43671875 0.034375 0.06875
1 0.53203125 0.41875 0.040625 0.0828125
1 0.4921875 0.40546875 0.0734375 0.1375
1 0.45859375 0.3 0.0671875 0.1328125
1 0.24140625 0.66328125 0.0140625 0.0125
1 0.36484375 0.6359375 0.0171875 0.015625
1 0.41328125 0.59609375 0.015625 0.015625
1 0.4359375 0.5515625 0.0234375 0.0328125
1 0.7875 0.26640625 0.0375 0.0375
1 0.78046875 0.30078125 0.034375 0.05
1 0.78125 0.3390625 0.0296875 0.034375
1 0.759375 0.37890625 0.053125 0.0796875
1 0.60703125 0.4171875 0.08125 0.1046875
1 0.65 0.36328125 0.0609375 0.0765625
1 0.68046875 0.325 0.06875 0.0546875
1 0.63828125 0.325 0.021875 0.034375
1 0.6421875 0.275 0.028125 0.0359375
1 0.65 0.23046875 0.0296875 0.0375
1 0.48203125 0.546875 0.075 0.0671875
1 0.4140625 0.6 0.021875 0.01875
1 0.51796875 0.48828125 0.040625 0.03125
1 0.57578125 0.48984375 0.0375 0.04375
1 0.553125 0.49609375 0.0453125 0.05
1 0.6453125 0.46953125 0.0203125 0.0296875
1 0.67890625 0.47421875 0.01875 0.040625
1 0.6453125 0.60234375 0.01875 0.0296875
1 0.63984375 0.62734375 0.0265625 0.0234375
1 0.6125 0.65 0.0265625 0.0265625
1 0.646875 0.69765625 0.01875 0.0296875
1 0.7015625 0.6859375 0.015625 0.0203125
1 0.6953125 0.71171875 0.015625 0.01875
1 0.7109375 0.72265625 0.009375 0.0140625
1 0.70625 0.74609375 0.015625 0.025
1 0.68046875 0.68359375 0.021875 0.0390625
1 0.7 0.62890625 0.0125 0.025
1 0.734375 0.64921875 0.0171875 0.021875
1 0.7484375 0.68984375 0.015625 0.0171875
1 0.71328125 0.65390625 0.0140625 0.021875
1 0.709375 0.59296875 0.01875 0.021875
1 0.71484375 0.63046875 0.0140625 0.0234375
1 0.72890625 0.59296875 0.028125 0.059375
1 0.75078125 0.6234375 0.0171875 0.01875
1 0.90390625 0.6390625 0.0421875 0.0703125
1 0.95703125 0.628125 0.01875 0.0453125
1 0.91015625 0.57578125 0.0171875 0.0109375
1 0.90234375 0.58515625 0.0109375 0.0078125
1 0.90859375 0.6015625 0.009375 0.0109375
1 0.87265625 0.57265625 0.0125 0.009375
1 0.8828125 0.58359375 0.009375 0.009375
1 0.8125 0.5890625 0.01875 0.025
1 0.82890625 0.565625 0.0171875 0.040625
1 0.8421875 0.59453125 0.0109375 0.015625
1 0.853125 0.59140625 0.0109375 0.01875
1 0.69921875 0.52890625 0.025 0.01875
1 0.6984375 0.56171875 0.021875 0.0234375
1 0.75390625 0.45703125 0.0171875 0.0203125
1 0.759375 0.6078125 0.0140625 0.0125
1 0.7734375 0.625 0.0140625 0.0140625
1 0.84296875 0.7125 0.021875 0.0328125
1 0.86328125 0.5578125 0.0125 0.015625
1 0.97890625 0.534375 0.009375 0.0125
1 0.66484375 0.61171875 0.009375 0.0125
1 0.7375 0.54140625 0.0109375 0.0140625
1 0.75625 0.534375 0.009375 0.0125
1 0.77421875 0.5515625 0.0125 0.0265625
1 0.78671875 0.54921875 0.00625 0.009375
1 0.78984375 0.60703125 0.0078125 0.0078125
1 0.79296875 0.5828125 0.0078125 0.0109375