1 0.58515625 0.278125 0.159375 0.1984375
1 0.5921875 0.38046875 0.0546875 0.046875
1 0.48046875 0.49140625 0.040625 0.0453125
1 0.58828125 0.63359375 0.08125 0.175
1 0.47578125 0.63671875 0.075 0.1421875
1 0.53046875 0.42109375 0.0203125 0.034375
1 0.4625 0.36328125 0.075 0.1125
1 0.484375 0.25546875 0.040625 0.0515625
1 0.60234375 0.18203125 0.0265625 0.03125
1 0.47734375 0.21171875 0.0484375 0.0375
1 0.50234375 0.159375 0.0390625 0.0609375
1 0.46875 0.1546875 0.025 0.04375
1 0.45390625 0.11328125 0.05 0.0296875
1 0.46328125 0.0703125 0.046875 0.05
1 0.3984375 0.05 0.059375 0.1
1 0.48203125 0.009375 0.0609375 0.01875
1 0.9359375 0.4765625 0.128125 0.04375
1 0.8828125 0.5578125 0.09375 0.059375
1 0.95859375 0.57109375 0.08125 0.0890625
1 0.90390625 0.615625 0.0875 0.0609375
1 0.91875 0.684375 0.140625 0.0703125
1 0.371875 0.6359375 0.0734375 0.046875
1 0.3640625 0.4390625 0.021875 0.025
1 0.284375 0.4515625 0.03125 0.0359375
1 0.34453125 0.37109375 0.021875 0.034375
1 0.3578125 0.32578125 0.0890625 0.0484375
1 0.296875 0.23046875 0.03125 0.0375
1 0.4375 0.153125 0.0359375 0.0546875
1 0.20390625 0.3875 0.075 0.0703125
1 0.13203125 0.3828125 0.0296875 0.0375
1 0.1203125 0.49296875 0.034375 0.034375
1 0.18828125 0.521875 0.0328125 0.0265625
1 0.27890625 0.56171875 0.0375 0.0328125
1 0.29921875 0.58828125 0.021875 0.0390625
1 0.19765625 0.55078125 0.015625 0.0234375
1 0.046875 0.4640625 0.03125 0.028125
1 0.11796875 0.30390625 0.040625 0.0375
1 0.09453125 0.21953125 0.025 0.0359375
1 0.0171875 0.63984375 0.034375 0.0640625
1 0.13515625 0.64296875 0.0671875 0.0671875
1 0.19453125 0.63359375 0.0234375 0.0234375
1 0.1375 0.71875 0.0375 0.0421875
1 0.00625 0.70546875 0.0125 0.0453125
1 0.0546875 0.8078125 0.0484375 0.040625
1 0.27109375 0.34375 0.025 0.0375
1 0.26484375 0.36953125 0.0296875 0.021875
1 0.3203125 0.28203125 0.028125 0.0296875
1 0.078125 0.2984375 0.01875 0.028125
1 0.06953125 0.22265625 0.0140625 0.0203125
1 0.06328125 0.21015625 0.0125 0.0203125
1 0.06875 0.15546875 0.015625 0.0296875
1 0.090625 0.1359375 0.0203125 0.0328125
1 0.0953125 0.165625 0.0203125 0.034375
1 0.11328125 0.1640625 0.0171875 0.028125
1 0.0421875 0.2203125 0.009375 0.0171875
1 0.0421875 0.3171875 0.009375 0.015625
1 0.0421875 0.41484375 0.0125 0.015625