1 0.47734375 0.21484375 0.0359375 0.034375
1 0.4921875 0.228125 0.0296875 0.0265625
1 0.5515625 0.228125 0.0328125 0.0453125
1 0.48359375 0.2703125 0.0203125 0.03125
1 0.5328125 0.26640625 0.0265625 0.0296875
1 0.525 0.29921875 0.0265625 0.034375
1 0.50859375 0.284375 0.028125 0.0390625
1 0.49453125 0.3375 0.01875 0.0265625
1 0.53515625 0.3359375 0.040625 0.096875
1 0.5171875 0.3796875 0.034375 0.0578125
1 0.5625 0.28984375 0.0171875 0.0171875
1 0.46796875 0.409375 0.0234375 0.0296875
1 0.471875 0.4375 0.0265625 0.03125
1 0.49140625 0.41015625 0.028125 0.046875
1 0.49453125 0.484375 0.0234375 0.0265625
1 0.47734375 0.4984375 0.01875 0.021875
1 0.475 0.5234375 0.028125 0.034375
1 0.43125 0.50390625 0.0265625 0.034375
1 0.45859375 0.54453125 0.0203125 0.0296875
1 0.45859375 0.58203125 0.015625 0.021875
1 0.43046875 0.60703125 0.025 0.03125
1 0.4171875 0.64453125 0.0203125 0.021875
1 0.3828125 0.6921875 0.01875 0.028125
1 0.37890625 0.66953125 0.01875 0.021875
1 0.415625 0.4921875 0.0328125 0.053125
1 0.4390625 0.471875 0.015625 0.01875
1 0.58828125 0.58984375 0.03125 0.0390625
1 0.521875 0.6015625 0.1484375 0.215625
1 0.48828125 0.7359375 0.103125 0.1046875
1 0.33671875 0.72109375 0.015625 0.025
1 0.31640625 0.72578125 0.025 0.03125
1 0.3015625 0.71953125 0.015625 0.0203125
1 0.5296875 0.80234375 0.01875 0.0234375
1 0.6078125 0.8125 0.0203125 0.028125
1 0.62421875 0.81328125 0.021875 0.0265625
1 0.3765625 0.5203125 0.021875 0.028125
1 0.2921875 0.45703125 0.0484375 0.0734375
1 0.3484375 0.36875 0.028125 0.0328125
1 0.3015625 0.34375 0.0234375 0.0328125
1 0.32890625 0.259375 0.046875 0.065625
1 0.36171875 0.20078125 0.059375 0.078125
1 0.59921875 0.47734375 0.0734375 0.078125
1 0.609375 0.32734375 0.0796875 0.1078125
1 0.6 0.409375 0.0890625 0.1359375
1 0.66953125 0.28671875 0.071875 0.0984375
1 0.70703125 0.31171875 0.053125 0.059375
1 0.70703125 0.2734375 0.0265625 0.03125
1 0.70546875 0.34921875 0.0265625 0.0390625
1 0.69453125 0.38125 0.0171875 0.021875
1 0.70078125 0.390625 0.0171875 0.0203125
1 0.71015625 0.375 0.01875 0.0171875
1 0.7453125 0.3296875 0.034375 0.0390625
1 0.73359375 0.34140625 0.01875 0.021875
1 0.72578125 0.37890625 0.01875 0.028125
1 0.71953125 0.42109375 0.0203125 0.0296875
1 0.74375 0.4265625 0.046875 0.075
1 0.64296875 0.4703125 0.071875 0.140625
1 0.61171875 0.57265625 0.0375 0.046875
1 0.659375 0.73359375 0.046875 0.04375
1 0.62734375 0.7359375 0.0203125 0.0296875
1 0.6703125 0.66484375 0.0265625 0.0390625
1 0.703125 0.6046875 0.01875 0.0265625
1 0.76953125 0.63828125 0.015625 0.015625
1 0.78203125 0.66953125 0.021875 0.0203125
1 0.81328125 0.61171875 0.025 0.034375
1 0.85859375 0.603125 0.0171875 0.0203125
1 0.8828125 0.58671875 0.0171875 0.0171875
1 0.95859375 0.559375 0.0375 0.0359375
1 0.95 0.59765625 0.01875 0.01875
1 0.9546875 0.66640625 0.03125 0.0296875
1 0.88828125 0.675 0.0203125 0.0203125
1 0.80234375 0.64921875 0.01875 0.0203125
1 0.6203125 0.78515625 0.01875 0.0203125
1 0.1859375 0.26640625 0.025 0.03125
1 0.20703125 0.25625 0.0328125 0.0328125
1 0.2203125 0.2828125 0.0234375 0.025
1 0.1984375 0.2921875 0.015625 0.0203125
1 0.1921875 0.31796875 0.0203125 0.021875
1 0.21796875 0.35546875 0.040625 0.0390625
1 0.20390625 0.39140625 0.05 0.0671875
1 0.2328125 0.42109375 0.046875 0.0515625
1 0.2640625 0.45625 0.0421875 0.0609375
1 0.23671875 0.48125 0.05625 0.0609375
1 0.2015625 0.4484375 0.0515625 0.059375
1 0.15078125 0.37109375 0.028125 0.05
1 0.159375 0.38828125 0.025 0.0375
1 0.18203125 0.3625 0.025 0.034375
1 0.1734375 0.39765625 0.021875 0.0359375
1 0.14609375 0.4109375 0.0234375 0.04375
1 0.15625 0.453125 0.053125 0.0390625
1 0.1953125 0.48671875 0.053125 0.0359375
1 0.240625 0.5140625 0.0484375 0.0390625
1 0.37421875 0.23828125 0.0171875 0.0296875
1 0.36171875 0.28671875 0.021875 0.025