1 0.4171875 0.7578125 0.040625 0.053125
1 0.4921875 0.83125 0.0375 0.040625
1 0.4734375 0.6734375 0.0234375 0.03125
1 0.440625 0.5859375 0.0234375 0.025
1 0.50078125 0.46328125 0.0421875 0.0546875
1 0.46875 0.36484375 0.0453125 0.0390625
1 0.50703125 0.40859375 0.0453125 0.065625
1 0.47578125 0.26484375 0.0421875 0.0421875
1 0.5015625 0.18125 0.04375 0.0484375
1 0.5609375 0.10234375 0.028125 0.025
1 0.66015625 0.12734375 0.121875 0.1015625
1 0.840625 0.41796875 0.071875 0.071875
1 0.96015625 0.60078125 0.075 0.09375
1 0.4296875 0.48046875 0.0703125 0.165625
1 0.3484375 0.51953125 0.0609375 0.11875
1 0.33828125 0.4046875 0.0734375 0.1578125
1 0.30625 0.39609375 0.05 0.1
1 0.2875 0.33828125 0.021875 0.0234375
1 0.290625 0.3640625 0.025 0.0265625
1 0.31953125 0.29140625 0.0140625 0.025
1 0.3296875 0.26328125 0.01875 0.021875
1 0.3609375 0.23359375 0.0234375 0.03125
1 0.44296875 0.196875 0.021875 0.01875
1 0.2859375 0.4546875 0.0109375 0.0234375
1 0.25 0.51015625 0.021875 0.028125
1 0.24921875 0.540625 0.0109375 0.015625
1 0.2125 0.53671875 0.0171875 0.0203125
1 0.23125 0.55703125 0.0109375 0.0203125
1 0.21875 0.60078125 0.0171875 0.025
1 0.190625 0.64765625 0.0140625 0.0109375
1 0.18515625 0.68671875 0.0125 0.0140625
1 0.16484375 0.73046875 0.0171875 0.0203125
1 0.16171875 0.7734375 0.0140625 0.0171875
1 0.16875 0.64921875 0.021875 0.034375
1 0.14453125 0.58515625 0.034375 0.053125
1 0.1515625 0.55546875 0.0328125 0.046875
1 0.1703125 0.52109375 0.0359375 0.0609375
1 0.15703125 0.61875 0.0171875 0.0546875
1 0.17109375 0.61015625 0.015625 0.0390625
1 0.20546875 0.496875 0.015625 0.0515625
1 0.23046875 0.44375 0.0171875 0.046875
1 0.1421875 0.41171875 0.015625 0.0203125
1 0.125 0.4359375 0.01875 0.01875
1 0.1140625 0.47109375 0.015625 0.015625
1 0.13984375 0.45390625 0.028125 0.0375
1 0.14375 0.3796875 0.025 0.034375
1 0.08828125 0.48515625 0.0296875 0.0328125
1 0.109375 0.52265625 0.0296875 0.03125
1 0.1171875 0.55078125 0.0234375 0.0375
1 0.08671875 0.55625 0.0125 0.01875
1 0.05859375 0.52109375 0.0296875 0.0171875
1 0.046875 0.49140625 0.0359375 0.0359375
1 0.06640625 0.48984375 0.0140625 0.015625
1 0.0765625 0.453125 0.0203125 0.01875
1 0.0578125 0.4375 0.015625 0.015625
1 0.03515625 0.446875 0.0359375 0.025
1 0.028125 0.41796875 0.0265625 0.0171875
1 0.015625 0.528125 0.021875 0.034375
1 0.0390625 0.5375 0.021875 0.0578125
1 0.04765625 0.565625 0.0171875 0.01875
1 0.04609375 0.5984375 0.0265625 0.0296875
1 0.1109375 0.61484375 0.009375 0.0171875
1 0.11484375 0.57734375 0.00625 0.01875
1 0.01171875 0.65703125 0.0140625 0.0203125
1 0.00234375 0.66953125 0.0046875 0.0171875
1 0.00234375 0.68984375 0.0046875 0.0234375
1 0.13125 0.69140625 0.009375 0.0109375
1 0.003125 0.48984375 0.00625 0.0125
1 0.025 0.47421875 0.0125 0.0125
1 0.0234375 0.50078125 0.01875 0.0265625