1 0.215625 0.065625 0.03125 0.0328125
1 0.2890625 0.06953125 0.0265625 0.03125
1 0.34296875 0.07109375 0.053125 0.04375
1 0.22890625 0.19765625 0.0265625 0.0328125
1 0.32109375 0.15703125 0.021875 0.0359375
1 0.30625 0.178125 0.0171875 0.0296875
1 0.37109375 0.13359375 0.0296875 0.0375
1 0.41484375 0.18125 0.0375 0.0328125
1 0.42890625 0.2515625 0.03125 0.0375
1 0.42265625 0.32265625 0.0359375 0.0390625
1 0.48828125 0.1609375 0.090625 0.0953125
1 0.459375 0.12734375 0.078125 0.0921875
1 0.59140625 0.24609375 0.046875 0.134375
1 0.5734375 0.48203125 0.1171875 0.13125
1 0.503125 0.615625 0.0296875 0.04375
1 0.484375 0.68359375 0.03125 0.0484375
1 0.409375 0.7671875 0.0484375 0.0625
1 0.41015625 0.55234375 0.021875 0.0265625
1 0.37109375 0.68984375 0.021875 0.01875
1 0.3546875 0.76015625 0.01875 0.021875
1 0.28125 0.628125 0.0234375 0.0234375
1 0.29765625 0.60390625 0.015625 0.021875
1 0.2265625 0.5671875 0.01875 0.01875
1 0.2703125 0.5203125 0.01875 0.0234375
1 0.18828125 0.47734375 0.0171875 0.0203125
1 0.22265625 0.4765625 0.04375 0.025
1 0.2546875 0.5453125 0.0359375 0.025
1 0.290625 0.4546875 0.0421875 0.021875
1 0.0375 0.34140625 0.0265625 0.0359375
1 0.0609375 0.359375 0.021875 0.028125
1 0.05078125 0.26875 0.0296875 0.034375
1 0.0265625 0.2109375 0.0234375 0.03125
1 0.059375 0.46328125 0.028125 0.0421875
1 0.06640625 0.66875 0.034375 0.0625
1 0.8046875 0.18984375 0.0296875 0.0359375
1 0.771875 0.25234375 0.0328125 0.05
1 0.87578125 0.14921875 0.0625 0.0515625
1 0.91171875 0.1515625 0.025 0.0296875
1 0.9359375 0.1875 0.0265625 0.0375
1 0.9390625 0.25625 0.03125 0.0359375
1 0.9625 0.325 0.025 0.028125
1 0.94140625 0.37109375 0.0734375 0.0546875
1 0.8875 0.4546875 0.0703125 0.05
1 0.82421875 0.29765625 0.0734375 0.05
1 0.80625 0.34375 0.0859375 0.0546875
1 0.8421875 0.38359375 0.1796875 0.0890625
1 0.77421875 0.55078125 0.0203125 0.021875
1 0.965625 0.5828125 0.0203125 0.025
1 0.83046875 0.57578125 0.0234375 0.0203125
1 0.8828125 0.5796875 0.0125 0.01875
1 0.875 0.61171875 0.0125 0.015625
1 0.875 0.690625 0.0125 0.0125
1 0.88046875 0.7140625 0.015625 0.015625
1 0.91484375 0.73984375 0.0109375 0.0140625
1 0.76171875 0.15234375 0.0109375 0.0171875
1 0.8234375 0.1484375 0.0125 0.0140625
1 0.8828125 0.175 0.021875 0.0125
1 0.88203125 0.18984375 0.0140625 0.0109375
1 0.88359375 0.20234375 0.0203125 0.0109375
1 0.80078125 0.26640625 0.0171875 0.0203125
1 0.81875 0.29921875 0.0140625 0.015625
1 0.8484375 0.30859375 0.0140625 0.0203125
1 0.82890625 0.33984375 0.0125 0.01875
1 0.796875 0.334375 0.015625 0.0109375
1 0.8359375 0.43359375 0.015625 0.0125
1 0.85625 0.434375 0.0109375 0.0125
1 0.86796875 0.48828125 0.0140625 0.0203125
1 0.8765625 0.43046875 0.0171875 0.0171875
1 0.89765625 0.43359375 0.0171875 0.0171875
1 0.91953125 0.43984375 0.0140625 0.0140625
1 0.4015625 0.51171875 0.0234375 0.025
1 0.39140625 0.4109375 0.0140625 0.0140625
1 0.13125 0.3546875 0.040625 0.025
1 0.11875 0.3078125 0.0265625 0.0359375
1 0.1125 0.33984375 0.01875 0.025
1 0.21953125 0.35703125 0.015625 0.025
1 0.2328125 0.3796875 0.0171875 0.0234375
1 0.22265625 0.40390625 0.04375 0.028125
1 0.1640625 0.4359375 0.0734375 0.09375
1 0.2578125 0.31328125 0.078125 0.0890625
1 0.27734375 0.3921875 0.084375 0.090625
1 0.3390625 0.34765625 0.0828125 0.059375
1 0.265625 0.5953125 0.0453125 0.03125