1 0.3890625 0.1296875 0.02265625 0.03125
1 0.30625 0.1328125 0.03125 0.03515625
1 0.25234375 0.11796875 0.0765625 0.09921875
1 0.3125 0.21171875 0.0671875 0.08125
1 0.365625 0.17578125 0.0375 0.0390625
1 0.36796875 0.25 0.03203125 0.040625
1 0.4453125 0.240625 0.025 0.04453125
1 0.62109375 0.21953125 0.05859375 0.05859375
1 0.80625 0.159375 0.0375 0.03046875
1 0.846875 0.21015625 0.03046875 0.02734375
1 0.91484375 0.11484375 0.0421875 0.03671875
1 0.88046875 0.15546875 0.03515625 0.0421875
1 0.82421875 0.2328125 0.0421875 0.03125
1 0.78828125 0.29765625 0.03125 0.0453125
1 0.8359375 0.271875 0.0671875 0.04921875
1 0.8953125 0.3015625 0.0578125 0.065625
1 0.81953125 0.353125 0.0375 0.04140625
1 0.91875 0.38046875 0.0484375 0.07890625
1 0.88828125 0.44609375 0.021875 0.01953125
1 0.9515625 0.48046875 0.046875 0.06171875
1 0.91484375 0.52421875 0.06171875 0.0359375
1 0.8453125 0.61953125 0.0484375 0.04140625
1 0.86953125 0.66796875 0.0453125 0.03359375
1 0.82421875 0.65546875 0.01875 0.01640625
1 0.8984375 0.69140625 0.01328125 0.01796875
1 0.78828125 0.4765625 0.0296875 0.0328125
1 0.66484375 0.33203125 0.08203125 0.05546875
1 0.6859375 0.390625 0.04921875 0.03984375
1 0.69609375 0.4515625 0.14921875 0.04765625
1 0.65234375 0.5015625 0.0890625 0.04453125
1 0.665625 0.5640625 0.109375 0.04765625
1 0.71015625 0.6140625 0.1484375 0.06640625
1 0.69375 0.71015625 0.14140625 0.075
1 0.58359375 0.2671875 0.03828125 0.03671875
1 0.5703125 0.29609375 0.05390625 0.04765625
1 0.51328125 0.346875 0.04375 0.0515625
1 0.48984375 0.39921875 0.03359375 0.04453125
1 0.43984375 0.4453125 0.05234375 0.05078125
1 0.44609375 0.48984375 0.0375 0.03515625
1 0.38671875 0.525 0.0875 0.05703125
1 0.496875 0.59140625 0.03671875 0.0328125
1 0.45234375 0.64609375 0.03671875 0.03046875
1 0.44453125 0.525 0.0203125 0.02890625
1 0.43203125 0.75 0.0265625 0.03515625
1 0.3703125 0.70859375 0.0890625 0.11796875
1 0.346875 0.784375 0.015625 0.015625
1 0.3421875 0.80078125 0.0203125 0.01171875
1 0.3796875 0.79765625 0.02109375 0.0171875
1 0.30703125 0.575 0.028125 0.03984375
1 0.37734375 0.58515625 0.0703125 0.046875
1 0.2421875 0.43515625 0.11484375 0.1734375
1 0.28203125 0.34296875 0.0859375 0.12421875
1 0.315625 0.30703125 0.04453125 0.0609375
1 0.02578125 0.5875 0.0453125 0.0421875
1 0.02265625 0.159375 0.0453125 0.046875
1 0.0109375 0.07109375 0.021875 0.05