1 0.0078125 0.16875 0.015625 0.053125
1 0.0421875 0.19609375 0.0453125 0.096875
1 0.090625 0.1375 0.04375 0.053125
1 0.0203125 0.42421875 0.040625 0.0828125
1 0.13359375 0.2609375 0.0296875 0.0328125
1 0.3421875 0.2234375 0.0890625 0.0875
1 0.40625 0.13359375 0.0546875 0.08125
1 0.45078125 0.1 0.0484375 0.0578125
1 0.51171875 0.0796875 0.0828125 0.1078125
1 0.484375 0.01171875 0.053125 0.0234375
1 0.35 0.3046875 0.1109375 0.140625
1 0.31640625 0.35625 0.04375 0.0578125
1 0.36328125 0.4140625 0.0453125 0.0515625
1 0.4734375 0.22421875 0.04375 0.04375
1 0.57890625 0.19375 0.1078125 0.15
1 0.5328125 0.26640625 0.05625 0.075
1 0.52265625 0.3390625 0.040625 0.05
1 0.65546875 0.45546875 0.0859375 0.0875
1 0.74765625 0.6484375 0.0546875 0.0890625
1 0.75703125 0.7671875 0.059375 0.06875
1 0.64375 0.76875 0.05625 0.0703125
1 0.51484375 0.709375 0.0390625 0.0390625
1 0.525 0.44140625 0.08125 0.090625
1 0.55625 0.5015625 0.0953125 0.1234375
1 0.5953125 0.475 0.0234375 0.028125
1 0.52109375 0.57265625 0.046875 0.0546875
1 0.52890625 0.67578125 0.0328125 0.0390625
1 0.55859375 0.67421875 0.0140625 0.0234375
1 0.365625 0.6625 0.059375 0.0671875
1 0.37421875 0.7171875 0.0203125 0.0265625
1 0.36796875 0.7484375 0.0265625 0.03125
1 0.34296875 0.7046875 0.0265625 0.021875
1 0.16875 0.3234375 0.04375 0.046875
1 0.09453125 0.51171875 0.1046875 0.175
1 0.0453125 0.54375 0.090625 0.171875
1 0.215625 0.4421875 0.0546875 0.05
1 0.146875 0.64765625 0.0578125 0.0609375
1 0.21171875 0.759375 0.0421875 0.0546875
1 0.20546875 0.88515625 0.05625 0.0609375
1 0.2984375 0.65390625 0.025 0.028125
1 0.29140625 0.58046875 0.0265625 0.0296875
1 0.3 0.52578125 0.03125 0.034375
1 0.3390625 0.49296875 0.0921875 0.1125
1 0.396875 0.5703125 0.103125 0.11875
1 0.33984375 0.603125 0.059375 0.0828125
1 0.40703125 0.77421875 0.0328125 0.034375
1 0.3796875 0.7953125 0.0328125 0.0375
1 0.24296875 0.31484375 0.025 0.0328125
1 0.25625 0.40625 0.0296875 0.0375
1 0.28828125 0.43359375 0.0265625 0.0328125
1 0.1703125 0.1140625 0.0328125 0.03125