1 0.36796875 0.36796875 0.021875 0.034375
1 0.403125 0.42421875 0.040625 0.028125
1 0.3875 0.4453125 0.03125 0.0328125
1 0.4671875 0.48671875 0.0765625 0.1078125
1 0.4421875 0.5671875 0.059375 0.0734375
1 0.4828125 0.5625 0.028125 0.03125
1 0.4875 0.5890625 0.03125 0.028125
1 0.50078125 0.73359375 0.1 0.0765625
1 0.43828125 0.796875 0.025 0.03125
1 0.47109375 0.84296875 0.01875 0.0265625
1 0.3328125 0.64765625 0.0234375 0.0203125
1 0.4546875 0.25234375 0.053125 0.10625
1 0.4265625 0.32109375 0.059375 0.0640625
1 0.42578125 0.2796875 0.046875 0.059375
1 0.4953125 0.1671875 0.03125 0.0453125
1 0.5 0.21171875 0.0296875 0.03125
1 0.53046875 0.23046875 0.0515625 0.0734375
1 0.54140625 0.11953125 0.0421875 0.046875
1 0.58359375 0.27890625 0.0296875 0.04375
1 0.6109375 0.36953125 0.1 0.1109375
1 0.6296875 0.271875 0.0734375 0.096875
1 0.665625 0.33046875 0.0578125 0.0609375
1 0.709375 0.29765625 0.05625 0.0796875
1 0.78984375 0.3921875 0.0328125 0.05
1 0.8734375 0.41875 0.0734375 0.0921875
1 0.93984375 0.5484375 0.0625 0.103125
1 0.921875 0.34921875 0.0453125 0.0546875
1 0.94453125 0.36953125 0.021875 0.034375
1 0.934375 0.446875 0.0625 0.1078125
1 0.990625 0.29921875 0.01875 0.0578125
1 0.19140625 0.1984375 0.0359375 0.0421875
1 0.21640625 0.20078125 0.021875 0.0265625
1 0.203125 0.215625 0.025 0.0359375
1 0.1890625 0.26640625 0.0203125 0.034375
1 0.3140625 0.2453125 0.0296875 0.0265625
1 0.3203125 0.29609375 0.0328125 0.078125
1 0.29609375 0.27734375 0.0296875 0.053125
1 0.26796875 0.375 0.028125 0.0546875
1 0.33515625 0.37421875 0.0328125 0.0546875
1 0.18046875 0.3875 0.0171875 0.0390625
1 0.12578125 0.43828125 0.0203125 0.034375
1 0.165625 0.4640625 0.0203125 0.0296875
1 0.03046875 0.3859375 0.025 0.028125
1 0.07578125 0.43984375 0.0453125 0.046875
1 0.08203125 0.49765625 0.0875 0.0734375
1 0.01171875 0.43984375 0.0203125 0.05
1 0.24296875 0.6609375 0.05 0.065625
1 0.25625 0.509375 0.109375 0.1328125
1 0.28203125 0.5640625 0.115625 0.134375
1 0.059375 0.11328125 0.0546875 0.0984375
1 0.03359375 0.33046875 0.0484375 0.0703125
1 0.0140625 0.3921875 0.01875 0.0484375
1 0.31640625 0.08828125 0.0296875 0.028125
1 0.06640625 0.2078125 0.021875 0.03125
1 0.10625 0.19375 0.0328125 0.0953125
1 0.89140625 0.5703125 0.0203125 0.025