1 0.546875 0.15078125 0.0640625 0.08125
1 0.56171875 0.19375 0.0234375 0.0359375
1 0.56328125 0.24296875 0.078125 0.0703125
1 0.49296875 0.26875 0.028125 0.0234375
1 0.50234375 0.2921875 0.021875 0.0234375
1 0.52578125 0.2765625 0.0234375 0.03125
1 0.52734375 0.3234375 0.0671875 0.065625
1 0.75078125 0.14296875 0.021875 0.0375
1 0.79140625 0.21875 0.028125 0.040625
1 0.78125 0.28125 0.021875 0.028125
1 0.671875 0.2234375 0.1 0.125
1 0.6484375 0.30234375 0.1046875 0.134375
1 0.63984375 0.3671875 0.1265625 0.075
1 0.54609375 0.40859375 0.0484375 0.0484375
1 0.525 0.38828125 0.028125 0.025
1 0.4875 0.3578125 0.01875 0.0203125
1 0.60703125 0.4625 0.1109375 0.115625
1 0.45 0.3921875 0.0359375 0.065625
1 0.471875 0.39765625 0.0265625 0.05
1 0.44296875 0.4671875 0.0328125 0.0484375
1 0.4046875 0.43046875 0.0359375 0.0546875
1 0.3625 0.44140625 0.0328125 0.0359375
1 0.38203125 0.55078125 0.05 0.0453125
1 0.50078125 0.5890625 0.0484375 0.0453125
1 0.57890625 0.52734375 0.0203125 0.0140625
1 0.5640625 0.575 0.09375 0.0734375
1 0.73046875 0.540625 0.034375 0.0453125
1 0.7234375 0.5015625 0.0203125 0.034375
1 0.8 0.4953125 0.0203125 0.025
1 0.54375 0.66953125 0.059375 0.121875
1 0.578125 0.69375 0.0265625 0.0328125
1 0.56328125 0.63046875 0.0296875 0.03125
1 0.77109375 0.6875 0.0828125 0.09375
1 0.73046875 0.6328125 0.025 0.03125
1 0.72421875 0.69375 0.01875 0.021875
1 0.8296875 0.73515625 0.025 0.0265625
1 0.82890625 0.43671875 0.04375 0.06875
1 0.86015625 0.4203125 0.034375 0.0515625
1 0.84375 0.50390625 0.0421875 0.0484375
1 0.85859375 0.54609375 0.0640625 0.0390625
1 0.87109375 0.5875 0.071875 0.046875
1 0.89453125 0.609375 0.04375 0.0453125
1 0.90234375 0.6390625 0.021875 0.0234375
1 0.9234375 0.67265625 0.0484375 0.078125
1 0.93515625 0.5671875 0.040625 0.046875
1 0.97109375 0.52578125 0.04375 0.0546875
1 0.97421875 0.490625 0.021875 0.025
1 0.98828125 0.54296875 0.021875 0.034375
1 0.95234375 0.596875 0.01875 0.0171875
1 0.9671875 0.68828125 0.0109375 0.0140625
1 0.925 0.72109375 0.0171875 0.015625
1 0.9203125 0.76796875 0.0140625 0.0125
1 0.90234375 0.8046875 0.015625 0.0171875
1 0.66484375 0.74375 0.01875 0.021875
1 0.63984375 0.8375 0.0125 0.0125
1 0.64921875 0.86171875 0.0125 0.01875
1 0.40703125 0.66171875 0.0265625 0.0296875
1 0.41953125 0.6828125 0.034375 0.0328125
1 0.3890625 0.68984375 0.0125 0.021875
1 0.41796875 0.753125 0.0609375 0.05625
1 0.43828125 0.790625 0.0140625 0.0171875
1 0.409375 0.81953125 0.015625 0.021875
1 0.48203125 0.65859375 0.071875 0.0953125
1 0.33515625 0.7484375 0.05 0.0453125
1 0.35234375 0.79765625 0.05 0.0640625
1 0.37578125 0.76875 0.0125 0.01875
1 0.31328125 0.7015625 0.01875 0.021875
1 0.34765625 0.64609375 0.021875 0.0234375
1 0.31640625 0.53828125 0.025 0.025
1 0.253125 0.553125 0.01875 0.0265625
1 0.2734375 0.68203125 0.01875 0.021875
1 0.290625 0.67265625 0.0125 0.0171875
1 0.21796875 0.65234375 0.01875 0.0203125
1 0.18125 0.7359375 0.021875 0.0296875
1 0.1640625 0.5609375 0.0171875 0.021875
1 0.134375 0.55390625 0.0140625 0.021875
1 0.2265625 0.509375 0.0390625 0.040625
1 0.2359375 0.53515625 0.01875 0.0125
1 0.2609375 0.4546875 0.075 0.05
1 0.29140625 0.41875 0.0390625 0.04375
1 0.24140625 0.3984375 0.0640625 0.0609375
1 0.27890625 0.34453125 0.08125 0.084375
1 0.225 0.33125 0.040625 0.0671875
1 0.2265625 0.26875 0.0359375 0.03125
1 0.18671875 0.29140625 0.021875 0.0328125
1 0.209375 0.28828125 0.0234375 0.0171875
1 0.159375 0.29375 0.025 0.0296875
1 0.1390625 0.3734375 0.0703125 0.1140625
1 0.19609375 0.41640625 0.0578125 0.090625
1 0.1796875 0.36796875 0.01875 0.0234375
1 0.19453125 0.4625 0.0828125 0.0625
1 0.265625 0.4953125 0.015625 0.0203125
1 0.084375 0.50390625 0.01875 0.0578125
1 0.08359375 0.45078125 0.0265625 0.0359375
1 0.0671875 0.384375 0.0328125 0.0703125
1 0.09296875 0.34296875 0.0640625 0.040625
1 0.07421875 0.32734375 0.03125 0.025
1 0.02421875 0.50390625 0.0171875 0.0203125
1 0.01328125 0.48828125 0.025 0.0375
1 0.0046875 0.55625 0.009375 0.0375
1 0.02734375 0.63671875 0.046875 0.0390625
1 0.08671875 0.59921875 0.0234375 0.021875
1 0.07421875 0.61328125 0.0125 0.0109375
1 0.084375 0.65234375 0.0765625 0.0921875
1 0.11171875 0.67421875 0.0515625 0.0625
1 0.1875 0.15390625 0.05 0.046875
1 0.21953125 0.1671875 0.0171875 0.021875
1 0.3703125 0.2484375 0.0234375 0.0234375
1 0.14765625 0.18046875 0.0125 0.0171875
1 0.13359375 0.2109375 0.0265625 0.028125
1 0.12265625 0.1734375 0.0203125 0.025
1 0.08203125 0.19140625 0.040625 0.0734375