1 0.009375 0.17265625 0.01875 0.0765625
1 0.01875 0.2921875 0.0375 0.078125
1 0.03046875 0.47734375 0.0609375 0.0796875
1 0.15234375 0.44609375 0.065625 0.078125
1 0.1796875 0.5796875 0.115625 0.0921875
1 0.1265625 0.5359375 0.1109375 0.0859375
1 0.0953125 0.59609375 0.0609375 0.065625
1 0.0859375 0.79375 0.05625 0.0515625
1 0.31328125 0.37734375 0.034375 0.04375
1 0.34453125 0.38359375 0.0296875 0.0453125
1 0.41875 0.4734375 0.040625 0.0609375
1 0.6125 0.46953125 0.0421875 0.0609375
1 0.609375 0.42109375 0.0421875 0.040625
1 0.55625 0.15859375 0.05 0.0546875
1 0.7859375 0.1734375 0.046875 0.0734375
1 0.8203125 0.47265625 0.0515625 0.0703125
1 0.82578125 0.73828125 0.1203125 0.1859375
1 0.72578125 0.81640625 0.071875 0.0875
1 0.7234375 0.42265625 0.059375 0.09375
1 0.72421875 0.3484375 0.0625 0.0953125