1 0.4640625 0.14375 0.0640625 0.1
1 0.49375 0.34609375 0.0703125 0.0796875
1 0.52421875 0.3828125 0.0953125 0.071875
1 0.51796875 0.4375 0.0921875 0.065625
1 0.52734375 0.5671875 0.075 0.1125
1 0.55859375 0.63828125 0.1203125 0.2015625
1 0.36171875 0.42265625 0.1203125 0.14375
1 0.3859375 0.51015625 0.1703125 0.215625
1 0.4375 0.696875 0.18125 0.2015625
1 0.53671875 0.2328125 0.0515625 0.103125
1 0.51015625 0.2484375 0.0234375 0.034375
1 0.59609375 0.240625 0.0296875 0.0375
1 0.61875 0.25 0.0265625 0.0296875
1 0.55859375 0.47890625 0.05 0.059375
1 0.60078125 0.51875 0.0640625 0.084375
1 0.63828125 0.5140625 0.071875 0.084375
1 0.60859375 0.453125 0.0484375 0.0609375
1 0.64609375 0.45390625 0.021875 0.0296875
1 0.67578125 0.465625 0.0203125 0.0265625
1 0.62109375 0.2984375 0.028125 0.0359375
1 0.6578125 0.40390625 0.0234375 0.0296875
1 0.7 0.3859375 0.034375 0.046875
1 0.75390625 0.51015625 0.0734375 0.1046875
1 0.7671875 0.58203125 0.034375 0.040625
1 0.63828125 0.15625 0.0203125 0.0265625
1 0.7421875 0.1921875 0.0296875 0.034375
1 0.76640625 0.271875 0.0359375 0.05
1 0.79921875 0.30078125 0.040625 0.059375
1 0.82890625 0.30546875 0.0375 0.0453125
1 0.815625 0.35546875 0.053125 0.0765625
1 0.74140625 0.23046875 0.0265625 0.03125
1 0.74453125 0.30078125 0.05625 0.1109375
1 0.76484375 0.41328125 0.0265625 0.0375
1 0.80859375 0.43515625 0.0578125 0.06875
1 0.8171875 0.4890625 0.0421875 0.05
1 0.86171875 0.56875 0.0421875 0.04375
1 0.89375 0.30546875 0.0265625 0.0328125
1 0.9546875 0.2875 0.021875 0.0328125
1 0.9125 0.3 0.03125 0.0359375
1 0.93515625 0.29375 0.0328125 0.040625
1 0.93828125 0.3421875 0.065625 0.0671875
1 0.96015625 0.4328125 0.0375 0.0546875
1 0.8984375 0.37578125 0.0515625 0.0671875
1 0.8859375 0.33203125 0.0328125 0.03125
1 0.940625 0.4234375 0.01875 0.0265625
1 0.96796875 0.53515625 0.0296875 0.0328125