1 0.0203125 0.19609375 0.040625 0.10703125
1 0.11640625 0.2359375 0.07578125 0.0921875
1 0.04140625 0.2703125 0.0703125 0.06328125
1 0.215625 0.353125 0.03828125 0.05
1 0.32265625 0.39765625 0.078125 0.090625
1 0.38828125 0.4296875 0.059375 0.1046875
1 0.38046875 0.53203125 0.06015625 0.1171875
1 0.49609375 0.54296875 0.0578125 0.07578125
1 0.3828125 0.3140625 0.03125 0.04375
1 0.48359375 0.26796875 0.0421875 0.0453125
1 0.5359375 0.25234375 0.0296875 0.06953125
1 0.7109375 0.159375 0.0765625 0.1515625
1 0.65859375 0.18515625 0.03515625 0.07421875
1 0.62734375 0.2234375 0.02890625 0.06328125
1 0.59609375 0.24375 0.0359375 0.06953125
1 0.56640625 0.2359375 0.03046875 0.0578125
1 0.571875 0.346875 0.06328125 0.13125
1 0.6609375 0.43046875 0.0296875 0.03984375
1 0.70390625 0.446875 0.02265625 0.03125
1 0.8296875 0.38203125 0.0796875 0.04921875
1 0.85234375 0.4484375 0.0234375 0.02890625
1 0.83671875 0.590625 0.01796875 0.0234375
1 0.8546875 0.625 0.02421875 0.021875
1 0.87734375 0.678125 0.05703125 0.0421875
1 0.89921875 0.73046875 0.04765625 0.059375
1 0.959375 0.67890625 0.05625 0.06484375
1 0.57734375 0.5703125 0.0765625 0.13359375
1 0.62578125 0.596875 0.05546875 0.08125
1 0.559375 0.496875 0.03828125 0.01953125
1 0.71953125 0.67421875 0.02421875 0.0421875
1 0.74140625 0.575 0.02421875 0.03828125
1 0.80625 0.6078125 0.02890625 0.01953125
1 0.92578125 0.56015625 0.02109375 0.0265625
1 0.9421875 0.4375 0.0421875 0.034375
1 0.940625 0.52421875 0.0296875 0.03359375
1 0.95078125 0.61796875 0.028125 0.0171875
1 0.98359375 0.59140625 0.03203125 0.0609375
1 0.9890625 0.53046875 0.02109375 0.06328125
1 0.44453125 0.8296875 0.046875 0.0703125
1 0.47265625 0.7375 0.0703125 0.08828125
1 0.821875 0.3171875 0.0953125 0.09453125
1 0.92109375 0.32265625 0.10234375 0.0796875
1 0.8984375 0.37421875 0.0359375 0.01796875
1 0.98125 0.284375 0.03671875 0.05078125
1 0.9375 0.23828125 0.0765625 0.0921875
1 0.965625 0.1515625 0.0625 0.084375
1 0.796875 0.18125 0.10390625 0.17578125
1 0.85234375 0.2578125 0.0890625 0.11953125
1 0.78359375 0.0953125 0.06484375 0.0453125
1 0.93671875 0.07890625 0.0375 0.05859375
1 0.89453125 0.0609375 0.03984375 0.0421875
1 0.86953125 0.18671875 0.03984375 0.04453125
1 0.303125 0.56484375 0.02421875 0.02734375
1 0.5484375 0.51640625 0.01484375 0.021875