1 0.36328125 0.2328125 0.06015625 0.11875
1 0.41328125 0.28125 0.02734375 0.03203125
1 0.40234375 0.1734375 0.02890625 0.02265625
1 0.3796875 0.15546875 0.01171875 0.0140625
1 0.45859375 0.14921875 0.025 0.01953125
1 0.53828125 0.3171875 0.06171875 0.06328125
1 0.4390625 0.21640625 0.0265625 0.03203125
1 0.46484375 0.253125 0.02890625 0.03046875
1 0.4375 0.315625 0.040625 0.0484375
1 0.4921875 0.31953125 0.028125 0.03515625
1 0.4921875 0.3546875 0.0234375 0.02265625
1 0.4484375 0.36953125 0.0375 0.04296875
1 0.49140625 0.409375 0.0328125 0.01953125
1 0.521875 0.39375 0.04140625 0.03515625
1 0.51953125 0.428125 0.02734375 0.03203125
1 0.49296875 0.43984375 0.04375 0.04765625
1 0.50703125 0.4890625 0.0578125 0.05703125
1 0.4609375 0.46328125 0.0140625 0.02890625
1 0.4578125 0.50390625 0.02109375 0.03125
1 0.47734375 0.5625 0.0265625 0.03828125
1 0.503125 0.56015625 0.01796875 0.02421875
1 0.496875 0.6078125 0.01484375 0.0203125
1 0.4703125 0.646875 0.01171875 0.02109375
1 0.51953125 0.6765625 0.0375 0.0421875
1 0.48125 0.73359375 0.06171875 0.084375
1 0.5421875 0.78671875 0.08515625 0.10234375
1 0.47578125 0.803125 0.02265625 0.04453125
1 0.58984375 0.8234375 0.01640625 0.01953125
1 0.5734375 0.63046875 0.0234375 0.02734375
1 0.5578125 0.565625 0.0203125 0.02109375
1 0.5734375 0.59375 0.0484375 0.03984375
1 0.41484375 0.70703125 0.04296875 0.08515625
1 0.43515625 0.77578125 0.01015625 0.0203125
1 0.3609375 0.5015625 0.03828125 0.03828125
1 0.671875 0.32578125 0.03359375 0.1125
1 0.71015625 0.1828125 0.03984375 0.06328125
1 0.74921875 0.2515625 0.03671875 0.034375
1 0.83125 0.21015625 0.03125 0.04296875
1 0.73515625 0.21640625 0.02890625 0.0359375
1 0.8421875 0.28671875 0.03984375 0.0484375
1 0.86875 0.14609375 0.06875 0.07265625
1 0.82890625 0.4984375 0.190625 0.3078125
1 0.18125 0.31484375 0.06484375 0.06875
1 0.2609375 0.30390625 0.01640625 0.028125
1 0.221875 0.3421875 0.0265625 0.03046875
1 0.30703125 0.46328125 0.01484375 0.02734375
1 0.37578125 0.3828125 0.0078125 0.0125
1 0.33125 0.5265625 0.02421875 0.03125
1 0.16328125 0.7734375 0.10078125 0.15078125
1 0.04296875 0.584375 0.04375 0.11640625
1 0.05625 0.29375 0.0328125 0.0421875
1 0.07109375 0.19140625 0.03359375 0.03125
1 0.06875 0.2296875 0.02265625 0.02421875
1 0.03515625 0.26328125 0.01484375 0.01875
1 0.0234375 0.209375 0.01953125 0.02578125
1 0.11953125 0.178125 0.01640625 0.02421875
1 0.01875 0.328125 0.028125 0.025