1 0.1296875 0.03828125 0.0484375 0.0578125
1 0.22265625 0.084375 0.04375 0.0828125
1 0.3609375 0.02421875 0.0390625 0.0484375
1 0.459375 0.009375 0.0375 0.01875
1 0.61640625 0.23984375 0.03125 0.0453125
1 0.6671875 0.1734375 0.1140625 0.1578125
1 0.69140625 0.07890625 0.1078125 0.0734375
1 0.83984375 0.07890625 0.0421875 0.05625
1 0.91796875 0.1234375 0.090625 0.1
1 0.9640625 0.075 0.071875 0.090625
1 0.31171875 0.2546875 0.05 0.0671875
1 0.46953125 0.11640625 0.025 0.0359375
1 0.48359375 0.18359375 0.0375 0.0453125
1 0.55078125 0.18671875 0.0296875 0.0328125
1 0.54921875 0.278125 0.025 0.046875
1 0.575 0.3125 0.0234375 0.0234375
1 0.49296875 0.315625 0.0453125 0.0484375
1 0.36875 0.36015625 0.075 0.146875
1 0.30078125 0.3703125 0.09375 0.15
1 0.084375 0.29296875 0.0453125 0.071875
1 0.1359375 0.39765625 0.0328125 0.053125
1 0.02890625 0.35 0.04375 0.08125
1 0.0375 0.43125 0.0515625 0.053125
1 0.05625 0.5546875 0.0875 0.140625
1 0.10078125 0.46796875 0.0890625 0.1421875
1 0.3765625 0.4875 0.053125 0.0625
1 0.409375 0.62578125 0.0359375 0.0578125
1 0.371875 0.73984375 0.040625 0.0484375
1 0.5578125 0.725 0.0296875 0.040625
1 0.5515625 0.62109375 0.0328125 0.03125
1 0.5234375 0.54765625 0.03125 0.0296875
1 0.52890625 0.465625 0.0234375 0.03125
1 0.55703125 0.41796875 0.0265625 0.028125
1 0.403125 0.053125 0.0328125 0.075
1 0.6515625 0.49609375 0.115625 0.1234375
1 0.58203125 0.5828125 0.0484375 0.0859375
1 0.58125 0.6375 0.0203125 0.0125
1 0.5609375 0.6640625 0.0234375 0.03125
1 0.5953125 0.71171875 0.0484375 0.034375
1 0.73984375 0.68125 0.05 0.046875
1 0.89296875 0.81953125 0.0734375 0.1078125
1 0.8078125 0.6578125 0.025 0.0296875
1 0.775 0.64375 0.040625 0.0546875
1 0.79296875 0.5125 0.0578125 0.0578125
1 0.93359375 0.39765625 0.028125 0.0265625
1 0.990625 0.37265625 0.01875 0.0890625
1 0.84453125 0.353125 0.1015625 0.1078125
1 0.86015625 0.43828125 0.1125 0.1359375
1 0.6578125 0.3046875 0.05 0.0609375
1 0.59765625 0.384375 0.090625 0.115625
1 0.878125 0.2171875 0.0546875 0.05625