1 0.56953125 0.27265625 0.14609375 0.18828125
1 0.58359375 0.37421875 0.0515625 0.04296875
1 0.4796875 0.49296875 0.03828125 0.0421875
1 0.59765625 0.62734375 0.06953125 0.17109375
1 0.48515625 0.63828125 0.065625 0.1375
1 0.525 0.41953125 0.01796875 0.0328125
1 0.453125 0.36640625 0.06796875 0.1078125
1 0.4671875 0.25703125 0.0375 0.0484375
1 0.5796875 0.17578125 0.025 0.02890625
1 0.45703125 0.2140625 0.046875 0.03359375
1 0.47890625 0.16015625 0.03515625 0.05859375
1 0.44453125 0.1578125 0.02265625 0.04296875
1 0.42734375 0.1171875 0.0484375 0.0265625
1 0.43359375 0.07421875 0.04375 0.046875
1 0.36796875 0.053125 0.05234375 0.10625
1 0.4484375 0.009375 0.059375 0.01875
1 0.93515625 0.446875 0.1296875 0.034375
1 0.8859375 0.53125 0.090625 0.05390625
1 0.9625 0.5390625 0.075 0.084375
1 0.9109375 0.5875 0.084375 0.0546875
1 0.93046875 0.6546875 0.1375 0.06015625
1 0.38203125 0.64453125 0.0703125 0.0421875
1 0.36015625 0.4484375 0.01953125 0.0234375
1 0.28125 0.46640625 0.0296875 0.034375
1 0.3359375 0.38203125 0.0203125 0.03359375
1 0.34609375 0.3359375 0.08671875 0.0421875
1 0.27890625 0.2453125 0.02890625 0.0359375
1 0.41328125 0.15859375 0.0328125 0.053125
1 0.196875 0.40859375 0.07109375 0.065625
1 0.125 0.40859375 0.02734375 0.03515625
1 0.12109375 0.51953125 0.03203125 0.03203125
1 0.190625 0.54375 0.03125 0.025
1 0.28359375 0.57734375 0.0359375 0.03046875
1 0.30625 0.60234375 0.01875 0.03828125
1 0.2015625 0.571875 0.01484375 0.02265625
1 0.0453125 0.49609375 0.0296875 0.0265625
1 0.10546875 0.33125 0.0375 0.03515625
1 0.07578125 0.2484375 0.02265625 0.034375
1 0.021875 0.67421875 0.04375 0.0609375
1 0.14609375 0.66796875 0.0625 0.06328125
1 0.2046875 0.6546875 0.02265625 0.02265625
1 0.15390625 0.74375 0.03515625 0.03984375
1 0.01328125 0.73984375 0.0265625 0.04375
1 0.07734375 0.83828125 0.0453125 0.0375
1 0.2609375 0.36015625 0.021875 0.0359375
1 0.25625 0.3859375 0.02890625 0.0203125
1 0.30546875 0.2953125 0.02578125 0.028125
1 0.06484375 0.328125 0.0171875 0.02734375
1 0.0515625 0.253125 0.0125 0.01953125
1 0.04375 0.24140625 0.01171875 0.01953125
1 0.04609375 0.18671875 0.01328125 0.028125
1 0.06640625 0.165625 0.01875 0.03125
1 0.07265625 0.19453125 0.01796875 0.0328125
1 0.090625 0.1921875 0.015625 0.02734375
1 0.0234375 0.253125 0.00859375 0.0171875
1 0.03046875 0.34921875 0.0078125 0.01484375
1 0.0375 0.446875 0.01171875 0.015625