1 0.4546875 0.6078125 0.1453125 0.153125
1 0.484375 0.43359375 0.1625 0.16875
1 0.4953125 0.31484375 0.1484375 0.15
1 0.4734375 0.2203125 0.0390625 0.0546875
1 0.48671875 0.12734375 0.0375 0.0515625
1 0.534375 0.09296875 0.0390625 0.0359375
1 0.46796875 0.06640625 0.040625 0.0625
1 0.4453125 0.0125 0.03125 0.025
1 0.3328125 0.13046875 0.0609375 0.1046875
1 0.42109375 0.24921875 0.08125 0.13125
1 0.3796875 0.24296875 0.0359375 0.040625
1 0.371875 0.28671875 0.025 0.0296875
1 0.409375 0.38125 0.0375 0.05
1 0.2671875 0.525 0.0171875 0.0265625
1 0.25234375 0.54453125 0.0203125 0.0265625
1 0.3296875 0.5578125 0.096875 0.1578125
1 0.35625 0.62109375 0.065625 0.1046875
1 0.36953125 0.68046875 0.0171875 0.0203125
1 0.334375 0.73203125 0.0171875 0.0203125
1 0.1171875 0.60078125 0.0515625 0.0609375
1 0.03984375 0.6515625 0.0515625 0.059375
1 0.04609375 0.4875 0.05625 0.084375
1 0.01015625 0.4609375 0.0203125 0.05625
1 0.02890625 0.38984375 0.04375 0.059375
1 0.16015625 0.359375 0.0265625 0.0390625
1 0.196875 0.38125 0.03125 0.0328125
1 0.25 0.3171875 0.0328125 0.0421875
1 0.28359375 0.3078125 0.0265625 0.0328125
1 0.29609375 0.22265625 0.0296875 0.0390625
1 0.06796875 0.29453125 0.0484375 0.0390625
1 0.0421875 0.25078125 0.0203125 0.04375
1 0.10390625 0.15078125 0.021875 0.0359375
1 0.05625 0.2 0.025 0.028125