1 0.08671875 0.20390625 0.0609375 0.071875
1 0.14921875 0.14140625 0.084375 0.0640625
1 0.0640625 0.090625 0.04375 0.05
1 0.0359375 0.21796875 0.0390625 0.0609375
1 0.4515625 0.134375 0.053125 0.0359375
1 0.50234375 0.16484375 0.025 0.0328125
1 0.56015625 0.1265625 0.13125 0.121875
1 0.45703125 0.196875 0.125 0.11875
1 0.421875 0.3140625 0.0984375 0.1203125
1 0.56640625 0.215625 0.0375 0.0421875
1 0.61875 0.209375 0.0390625 0.065625
1 0.6671875 0.2140625 0.03125 0.046875
1 0.71328125 0.27890625 0.0484375 0.0546875
1 0.71953125 0.3671875 0.040625 0.0515625
1 0.715625 0.5703125 0.028125 0.0390625
1 0.7171875 0.68046875 0.021875 0.0328125
1 0.90234375 0.1328125 0.0390625 0.0453125
1 0.95390625 0.165625 0.0421875 0.034375
1 0.92734375 0.05703125 0.0265625 0.0359375
1 0.94453125 0.10546875 0.025 0.0265625
1 0.9265625 0.29140625 0.0359375 0.053125
1 0.9546875 0.37890625 0.0390625 0.0453125
1 0.62109375 0.3984375 0.0515625 0.0609375
1 0.5875 0.4609375 0.04375 0.0484375
1 0.521875 0.36640625 0.015625 0.028125
1 0.53203125 0.4046875 0.0234375 0.0328125
1 0.48203125 0.41796875 0.0234375 0.025
1 0.4390625 0.40703125 0.034375 0.028125
1 0.48125 0.453125 0.028125 0.03125
1 0.47734375 0.58984375 0.1203125 0.23125
1 0.55390625 0.6421875 0.0171875 0.0234375
1 0.5375 0.6359375 0.0171875 0.046875
1 0.5375 0.58046875 0.021875 0.0328125
1 0.5171875 0.4984375 0.028125 0.0296875
1 0.3125 0.6015625 0.0578125 0.0953125
1 0.31875 0.53203125 0.028125 0.0375
1 0.37421875 0.65546875 0.0328125 0.021875
1 0.41171875 0.70078125 0.0171875 0.021875
1 0.37421875 0.79765625 0.021875 0.0234375
1 0.471875 0.80625 0.0359375 0.0390625
1 0.39453125 0.8109375 0.021875 0.015625
1 0.47734375 0.85390625 0.021875 0.0234375
1 0.89140625 0.253125 0.0203125 0.0546875
1 0.89921875 0.3140625 0.0203125 0.034375
1 0.91015625 0.41015625 0.0359375 0.090625
1 0.9578125 0.58828125 0.0828125 0.128125
1 0.9734375 0.76171875 0.021875 0.040625
1 0.89453125 0.79453125 0.046875 0.0390625
1 0.8640625 0.63046875 0.0421875 0.0375
1 0.8625 0.55234375 0.03125 0.0328125
1 0.86015625 0.59453125 0.034375 0.040625
1 0.88046875 0.57578125 0.0359375 0.025
1 0.9078125 0.5859375 0.025 0.040625
1 0.90703125 0.64296875 0.0296875 0.09375
1 0.9046875 0.5140625 0.034375 0.0515625
1 0.89296875 0.4796875 0.034375 0.0359375
1 0.8859375 0.41484375 0.03125 0.0390625
1 0.88984375 0.35234375 0.0359375 0.0484375
1 0.915625 0.3625 0.025 0.021875