1 0.0609375 0.08125 0.04921875 0.06875
1 0.046875 0.2 0.06796875 0.065625
1 0.0390625 0.38828125 0.0578125 0.0703125
1 0.16875 0.38046875 0.053125 0.06875
1 0.1703125 0.5171875 0.10390625 0.0734375
1 0.1265625 0.4640625 0.1 0.06875
1 0.084375 0.5171875 0.05078125 0.05625
1 0.0375 0.709375 0.0484375 0.04296875
1 0.046875 0.015625 0.05625 0.03125
1 0.33984375 0.34375 0.02734375 0.0390625
1 0.36953125 0.35625 0.02265625 0.0421875
1 0.425 0.45859375 0.03046875 0.05625
1 0.61640625 0.49140625 0.0328125 0.05625
1 0.62265625 0.44375 0.0359375 0.034375
1 0.6203125 0.17578125 0.0421875 0.04765625
1 0.7828125 0.01875 0.05625 0.0375
1 0.84296875 0.234375 0.034375 0.06796875
1 0.81953125 0.534375 0.040625 0.06328125
1 0.77421875 0.79609375 0.08828125 0.17265625
1 0.6609375 0.85390625 0.05859375 0.078125
1 0.734375 0.46640625 0.04296875 0.0875
1 0.74921875 0.39375 0.046875 0.0875
1 0.00625 0.3046875 0.0125 0.06015625
1 0.00625 0.09375 0.01171875 0.053125
1 0.65546875 0.0078125 0.04140625 0.015625