1 0.4203125 0.24375 0.0453125 0.0515625
1 0.40234375 0.35625 0.025 0.0328125
1 0.41015625 0.37890625 0.0265625 0.0265625
1 0.39375 0.41328125 0.021875 0.0203125
1 0.43203125 0.44375 0.0484375 0.04375
1 0.48203125 0.484375 0.028125 0.025
1 0.47578125 0.5234375 0.040625 0.040625
1 0.3515625 0.603125 0.0328125 0.040625
1 0.59921875 0.37890625 0.028125 0.0390625
1 0.45625 0.1203125 0.0390625 0.04375
1 0.45390625 0.1640625 0.0203125 0.0296875
1 0.49375 0.05546875 0.0390625 0.05
1 0.55234375 0.21328125 0.04375 0.0546875
1 0.5671875 0.31796875 0.021875 0.0484375
1 0.5171875 0.26953125 0.0171875 0.0328125
1 0.5203125 0.35078125 0.05625 0.1234375
1 0.53515625 0.51875 0.01875 0.0296875
1 0.58984375 0.45625 0.021875 0.0265625
1 0.61796875 0.4859375 0.028125 0.0296875
1 0.62109375 0.421875 0.025 0.0375
1 0.63203125 0.37421875 0.021875 0.03125
1 0.675 0.3546875 0.0234375 0.021875
1 0.625 0.3390625 0.0203125 0.04375
1 0.6046875 0.1671875 0.028125 0.0359375
1 0.5609375 0.1 0.028125 0.0375
1 0.59140625 0.10703125 0.0265625 0.028125
1 0.6171875 0.1171875 0.0234375 0.0265625
1 0.69375 0.42265625 0.0296875 0.0328125
1 0.7578125 0.4 0.0140625 0.021875
1 0.73515625 0.475 0.0328125 0.040625
1 0.67421875 0.6125 0.034375 0.059375
1 0.65078125 0.6484375 0.0359375 0.046875
1 0.61484375 0.6671875 0.015625 0.025
1 0.5796875 0.5984375 0.0421875 0.0875
1 0.60625 0.56328125 0.04375 0.0578125
1 0.60390625 0.60859375 0.0171875 0.015625
1 0.4609375 0.79140625 0.034375 0.0546875
1 0.3109375 0.77109375 0.01875 0.025
1 0.7109375 0.70234375 0.059375 0.0984375
1 0.7 0.76796875 0.0578125 0.0953125
1 0.7234375 0.659375 0.01875 0.034375
1 0.69296875 0.58203125 0.03125 0.05625
1 0.76640625 0.590625 0.01875 0.034375
1 0.78125 0.65859375 0.0390625 0.1015625
1 0.76640625 0.46875 0.0171875 0.025
1 0.7953125 0.47890625 0.0171875 0.028125
1 0.80234375 0.5765625 0.0203125 0.03125
1 0.80546875 0.64296875 0.01875 0.03125
1 0.7859375 0.73359375 0.01875 0.0328125
1 0.79140625 0.81015625 0.0171875 0.0328125
1 0.79140625 0.878125 0.01875 0.034375
1 0.83984375 0.8609375 0.0125 0.0171875
1 0.9703125 0.4859375 0.03125 0.03125
1 0.940625 0.49921875 0.0203125 0.0234375
1 0.884375 0.5359375 0.0359375 0.040625
1 0.91015625 0.5375 0.0265625 0.0265625
1 0.9484375 0.5421875 0.0453125 0.0484375
1 0.84921875 0.559375 0.028125 0.040625
1 0.79921875 0.5375 0.0109375 0.0171875
1 0.84609375 0.5984375 0.0359375 0.0671875
1 0.9671875 0.603125 0.0546875 0.0703125
1 0.9453125 0.62421875 0.0296875 0.0359375
1 0.9140625 0.5921875 0.025 0.0234375
1 0.93046875 0.6515625 0.0234375 0.0234375
1 0.85 0.6546875 0.021875 0.0265625
1 0.8328125 0.6890625 0.0359375 0.0609375
1 0.84609375 0.74375 0.0328125 0.059375
1 0.83046875 0.74453125 0.0234375 0.04375
1 0.8203125 0.7265625 0.015625 0.015625
1 0.828125 0.65 0.0140625 0.021875
1 0.82109375 0.634375 0.0125 0.015625
1 0.84765625 0.671875 0.0125 0.0078125
1 0.815625 0.76875 0.0109375 0.0171875
1 0.83203125 0.78515625 0.0203125 0.0390625
1 0.825 0.803125 0.0078125 0.009375
1 0.896875 0.83515625 0.0265625 0.0234375
1 0.915625 0.76484375 0.03125 0.028125
1 0.93671875 0.73828125 0.0546875 0.0515625
1 0.9234375 0.70390625 0.0453125 0.0453125
1 0.33203125 0.634375 0.0265625 0.034375
1 0.48828125 0.12734375 0.028125 0.0375
1 0.52421875 0.0734375 0.0234375 0.025
1 0.5421875 0.125 0.0140625 0.01875
1 0.51328125 0.01796875 0.01875 0.0171875
1 0.49921875 0.003125 0.0234375 0.00625
1 0.6109375 0.74453125 0.01875 0.0296875
1 0.57734375 0.82421875 0.0171875 0.0328125