1 0.54375 0.0296875 0.046875 0.0546875
1 0.6484375 0.10703125 0.053125 0.065625
1 0.67421875 0.2078125 0.0578125 0.0578125
1 0.73359375 0.228125 0.0375 0.0359375
1 0.60703125 0.3234375 0.046875 0.0546875
1 0.675 0.38203125 0.0375 0.0484375
1 0.79609375 0.3734375 0.0546875 0.05
1 0.8875 0.61328125 0.0703125 0.0796875
1 0.75703125 0.59921875 0.0734375 0.0875
1 0.60703125 0.371875 0.05625 0.0578125
1 0.58671875 0.46015625 0.065625 0.06875
1 0.29296875 0.41015625 0.0546875 0.0625
1 0.1265625 0.36640625 0.0671875 0.078125
1 0.25234375 0.5015625 0.040625 0.040625
1 0.44375 0.40625 0.0546875 0.0609375
1 0.46640625 0.44140625 0.0421875 0.05625
1 0.496875 0.44375 0.034375 0.0421875
1 0.303125 0.76875 0.0375 0.034375
1 0.40546875 0.74140625 0.0671875 0.065625
1 0.57421875 0.77421875 0.0578125 0.053125
1 0.68828125 0.66796875 0.0328125 0.034375
1 0.72890625 0.696875 0.040625 0.0328125
1 0.70234375 0.58515625 0.05625 0.065625
1 0.05234375 0.26796875 0.0875 0.128125
1 0.075 0.475 0.09375 0.159375
1 0.05390625 0.6296875 0.0765625 0.1375
1 0.009375 0.14453125 0.01875 0.0859375
1 0.0140625 0.140625 0.028125 0.05
1 0.0265625 0.165625 0.0359375 0.0390625
1 0.0390625 0.2015625 0.0375 0.04375
1 0.05234375 0.35546875 0.0265625 0.0328125
1 0.78125 0.203125 0.034375 0.040625
1 0.76953125 0.17578125 0.0375 0.0375
1 0.79609375 0.053125 0.0328125 0.0375
1 0.84140625 0.0453125 0.025 0.0296875
1 0.8390625 0.02109375 0.03125 0.034375
1 0.8578125 0.0140625 0.028125 0.028125
1 0.9 0.059375 0.0265625 0.0359375
1 0.89140625 0.03828125 0.0453125 0.0765625
1 0.8015625 0.2234375 0.040625 0.0359375
1 0.89375 0.275 0.0359375 0.034375
1 0.95078125 0.3234375 0.03125 0.034375
1 0.9234375 0.35078125 0.034375 0.0390625
1 0.97109375 0.41484375 0.03125 0.0359375
1 0.9890625 0.46640625 0.021875 0.0328125
1 0.87109375 0.3234375 0.0796875 0.128125
1 0.871875 0.175 0.0765625 0.1078125
1 0.9171875 0.26640625 0.0875 0.109375
1 0.928125 0.215625 0.05 0.06875