1 0.54140625 0.265625 0.1671875 0.2046875
1 0.56796875 0.36484375 0.05625 0.0484375
1 0.47890625 0.4953125 0.04375 0.046875
1 0.6125 0.61484375 0.090625 0.178125
1 0.50234375 0.6390625 0.08125 0.14375
1 0.51484375 0.4171875 0.021875 0.034375
1 0.4375 0.3734375 0.08125 0.115625
1 0.4375 0.2625 0.04375 0.053125
1 0.53984375 0.16875 0.028125 0.03125
1 0.42265625 0.22109375 0.05 0.0390625
1 0.4375 0.165625 0.0421875 0.0625
1 0.403125 0.1671875 0.028125 0.0453125
1 0.38125 0.12890625 0.0515625 0.0328125
1 0.38203125 0.08515625 0.0484375 0.0515625
1 0.31484375 0.07265625 0.065625 0.1125
1 0.3890625 0.01953125 0.0609375 0.0265625
1 0.92578125 0.39453125 0.1328125 0.05
1 0.88671875 0.48359375 0.096875 0.0640625
1 0.9609375 0.48203125 0.078125 0.0921875
1 0.91875 0.53671875 0.090625 0.0640625
1 0.93671875 0.60078125 0.1265625 0.0765625
1 0.40078125 0.6578125 0.075 0.05
1 0.3546875 0.465625 0.021875 0.025
1 0.27890625 0.49296875 0.034375 0.0375
1 0.32265625 0.403125 0.025 0.0359375
1 0.32734375 0.35625 0.090625 0.053125
1 0.24921875 0.27421875 0.0328125 0.0390625
1 0.37265625 0.171875 0.0390625 0.05625
1 0.18828125 0.44609375 0.078125 0.0734375
1 0.11640625 0.4546875 0.03125 0.0375
1 0.1265625 0.565625 0.0359375 0.0359375
1 0.1984375 0.58125 0.034375 0.028125
1 0.29453125 0.603125 0.0390625 0.034375
1 0.3203125 0.625 0.0234375 0.040625
1 0.2125 0.6078125 0.0171875 0.025
1 0.0484375 0.5515625 0.0328125 0.0296875
1 0.0875 0.38046875 0.0421875 0.0390625
1 0.0484375 0.30234375 0.0265625 0.0375
1 0.046875 0.73125 0.0515625 0.065625
1 0.16953125 0.71015625 0.0703125 0.0703125
1 0.22578125 0.68984375 0.025 0.025
1 0.1859375 0.784375 0.0390625 0.04375
1 0.04609375 0.79765625 0.03125 0.046875
1 0.121875 0.8875 0.05 0.0421875
1 0.2453125 0.390625 0.0265625 0.0390625
1 0.24453125 0.41640625 0.03125 0.0234375
1 0.28203125 0.3203125 0.0296875 0.03125
1 0.046875 0.3828125 0.0203125 0.0296875
1 0.025 0.309375 0.0140625 0.0203125
1 0.015625 0.29921875 0.0140625 0.0203125
1 0.0109375 0.24453125 0.0171875 0.0296875
1 0.02890625 0.22109375 0.021875 0.0328125
1 0.03828125 0.24921875 0.021875 0.034375
1 0.05625 0.24453125 0.01875 0.0296875
1 0.015625 0.4078125 0.009375 0.015625
1 0.034375 0.50390625 0.0140625 0.0171875