1 0.42265625 0.15234375 0.1 0.05390625
1 0.43671875 0.221875 0.08671875 0.08125
1 0.50078125 0.29609375 0.10234375 0.16875
1 0.43828125 0.30078125 0.0375 0.03515625
1 0.43984375 0.37109375 0.0484375 0.0203125
1 0.49609375 0.4234375 0.04453125 0.11875
1 0.5265625 0.43984375 0.040625 0.078125
1 0.43828125 0.46015625 0.0796875 0.0875
1 0.38125 0.47265625 0.0828125 0.115625
1 0.4515625 0.61015625 0.02109375 0.02578125
1 0.478125 0.54921875 0.07734375 0.1515625
1 0.54296875 0.50078125 0.06953125 0.1125
1 0.5578125 0.553125 0.0875 0.1234375
1 0.53203125 0.66171875 0.0796875 0.10703125
1 0.534375 0.75390625 0.09453125 0.0921875
1 0.06640625 0.08515625 0.06953125 0.0984375
1 0.134375 0.128125 0.0921875 0.090625
1 0.2140625 0.14296875 0.08984375 0.084375
1 0.2640625 0.33046875 0.059375 0.0984375
1 0.15546875 0.35078125 0.084375 0.10859375
1 0.20703125 0.42734375 0.07265625 0.07734375
1 0.16953125 0.50234375 0.0890625 0.0875
1 0.08046875 0.265625 0.03828125 0.03515625
1 0.0734375 0.18359375 0.03671875 0.03359375
1 0.1140625 0.09296875 0.0375 0.04609375
1 0.128125 0.0375 0.065625 0.0515625
1 0.62109375 0.2171875 0.04921875 0.04140625
1 0.6125 0.23828125 0.03515625 0.02421875
1 0.62734375 0.2921875 0.0328125 0.03125
1 0.63203125 0.36328125 0.03515625 0.0359375
1 0.68203125 0.3453125 0.0171875 0.02421875
1 0.58203125 0.40703125 0.03359375 0.0328125
1 0.615625 0.4921875 0.02734375 0.04296875
1 0.6421875 0.49453125 0.02578125 0.0390625
1 0.64296875 0.559375 0.03515625 0.0421875
1 0.6765625 0.59609375 0.03046875 0.0328125
1 0.6703125 0.64296875 0.04609375 0.05390625
1 0.62890625 0.68828125 0.03359375 0.0296875
1 0.73046875 0.49609375 0.02578125 0.02734375
1 0.86796875 0.5 0.028125 0.04140625
1 0.8921875 0.33671875 0.02890625 0.03046875
1 0.91015625 0.3671875 0.03671875 0.0359375
1 0.95546875 0.47734375 0.03046875 0.034375
1 0.96953125 0.45234375 0.025 0.03984375
1 0.95234375 0.2578125 0.01875 0.03359375
1 0.75859375 0.14765625 0.0265625 0.0359375
1 0.81484375 0.1828125 0.028125 0.025
1 0.83828125 0.2421875 0.03125 0.03359375
1 0.85 0.2953125 0.025 0.028125
1 0.9640625 0.40390625 0.02109375 0.0328125
1 0.953125 0.33671875 0.02109375 0.02109375
1 0.9421875 0.28828125 0.02265625 0.02421875
1 0.96328125 0.6078125 0.02734375 0.0375