1 0.3859375 0.7453125 0.046875 0.0578125
1 0.4515625 0.828125 0.0421875 0.0453125
1 0.453125 0.66875 0.0265625 0.0328125
1 0.43046875 0.578125 0.025 0.028125
1 0.50546875 0.4640625 0.0484375 0.059375
1 0.48515625 0.36171875 0.0484375 0.04375
1 0.51796875 0.41015625 0.053125 0.0703125
1 0.5046875 0.26328125 0.046875 0.046875
1 0.540625 0.18359375 0.0484375 0.053125
1 0.60859375 0.11328125 0.03125 0.028125
1 0.7046875 0.15 0.13125 0.1140625
1 0.8484375 0.46015625 0.078125 0.0796875
1 0.94453125 0.65625 0.084375 0.1015625
1 0.4328125 0.47265625 0.0890625 0.1703125
1 0.34765625 0.50078125 0.075 0.125
1 0.3515625 0.3859375 0.090625 0.1625
1 0.3203125 0.3734375 0.0609375 0.103125
1 0.309375 0.31328125 0.0234375 0.0265625
1 0.30859375 0.3390625 0.028125 0.0296875
1 0.34609375 0.2703125 0.0171875 0.0265625
1 0.359375 0.24453125 0.0203125 0.0234375
1 0.39375 0.21875 0.028125 0.0328125
1 0.48046875 0.1921875 0.0234375 0.021875
1 0.29296875 0.42890625 0.0140625 0.025
1 0.25078125 0.4796875 0.025 0.0296875
1 0.24609375 0.51015625 0.0125 0.0171875
1 0.21015625 0.5015625 0.01875 0.021875
1 0.22578125 0.52421875 0.0125 0.021875
1 0.20859375 0.565625 0.0203125 0.0265625
1 0.175 0.60859375 0.015625 0.0125
1 0.16484375 0.646875 0.0140625 0.015625
1 0.1390625 0.6875 0.01875 0.021875
1 0.13125 0.7296875 0.015625 0.01875
1 0.153125 0.6078125 0.025 0.0359375
1 0.13671875 0.54140625 0.0390625 0.05625
1 0.146875 0.5125 0.0390625 0.05
1 0.1703125 0.48046875 0.0421875 0.0640625
1 0.1453125 0.5765625 0.0234375 0.05625
1 0.16015625 0.56953125 0.0203125 0.040625
1 0.2078125 0.4609375 0.021875 0.053125
1 0.23984375 0.4109375 0.021875 0.0484375
1 0.15546875 0.36875 0.0171875 0.021875
1 0.13515625 0.390625 0.0203125 0.0203125
1 0.1203125 0.42421875 0.0171875 0.0171875
1 0.1484375 0.41015625 0.0328125 0.040625
1 0.16171875 0.3375 0.0296875 0.0375
1 0.09296875 0.43515625 0.0328125 0.0359375
1 0.109375 0.475 0.0328125 0.034375
1 0.1140625 0.50390625 0.0265625 0.0390625
1 0.08359375 0.50546875 0.0140625 0.0203125
1 0.059375 0.4671875 0.03125 0.0203125
1 0.0515625 0.4359375 0.0390625 0.0390625
1 0.07109375 0.43671875 0.015625 0.0171875
1 0.0859375 0.4015625 0.021875 0.0203125
1 0.06875 0.384375 0.0171875 0.0171875
1 0.0453125 0.390625 0.0375 0.0296875
1 0.04140625 0.3609375 0.028125 0.0203125
1 0.01640625 0.46875 0.0265625 0.0359375
1 0.0375 0.48125 0.0296875 0.059375
1 0.04296875 0.51015625 0.01875 0.0203125
1 0.0375 0.5421875 0.0296875 0.0328125
1 0.09921875 0.56640625 0.0109375 0.0171875
1 0.10859375 0.53046875 0.0078125 0.01875
1 0.0015625 0.5953125 0.003125 0.021875
1 0.11015625 0.64453125 0.0109375 0.0125
1 0.0078125 0.42890625 0.0078125 0.0140625
1 0.03125 0.41640625 0.0140625 0.0140625
1 0.02734375 0.44296875 0.021875 0.028125