1 0.6453125 0.14296875 0.084375 0.15703125
1 0.74609375 0.2828125 0.07265625 0.10078125
1 0.89609375 0.27421875 0.053125 0.0625
1 0.90625 0.3375 0.028125 0.03515625
1 0.89375 0.459375 0.02734375 0.03515625
1 0.8796875 0.5046875 0.04140625 0.03671875
1 0.834375 0.6375 0.03359375 0.0484375
1 0.8640625 0.66484375 0.034375 0.0390625
1 0.953125 0.73125 0.0921875 0.0609375
1 0.91953125 0.7765625 0.09375 0.046875
1 0.91328125 0.8953125 0.040625 0.0421875
1 0.8390625 0.96953125 0.0171875 0.02734375
1 0.66484375 0.83984375 0.0578125 0.08125
1 0.58359375 0.715625 0.0390625 0.0515625
1 0.52421875 0.60859375 0.02890625 0.034375
1 0.5234375 0.36640625 0.0375 0.04921875
1 0.57265625 0.22734375 0.02734375 0.03359375
1 0.5875 0.27734375 0.065625 0.06796875
1 0.515625 0.12890625 0.05625 0.06171875
1 0.53203125 0.20703125 0.03984375 0.046875
1 0.46640625 0.25546875 0.03125 0.04375
1 0.4875 0.37109375 0.03828125 0.065625
1 0.43984375 0.39140625 0.0375 0.03984375
1 0.4078125 0.4390625 0.03125 0.02734375
1 0.425 0.46953125 0.0375 0.0296875
1 0.4296875 0.54296875 0.065625 0.07890625
1 0.4671875 0.58203125 0.021875 0.0375
1 0.40625 0.60859375 0.02109375 0.0234375
1 0.46015625 0.725 0.0234375 0.028125
1 0.73359375 0.6328125 0.01796875 0.0203125
1 0.7296875 0.50625 0.01640625 0.03125
1 0.725 0.44921875 0.01484375 0.01875
1 0.6203125 0.4078125 0.01484375 0.01953125
1 0.59296875 0.4953125 0.021875 0.028125
1 0.61875 0.51171875 0.04140625 0.06171875
1 0.4078125 0.2765625 0.03203125 0.03515625
1 0.35546875 0.23515625 0.03828125 0.040625
1 0.38359375 0.146875 0.03359375 0.05859375
1 0.45859375 0.18984375 0.034375 0.04609375
1 0.37421875 0.07578125 0.040625 0.04140625
1 0.32421875 0.13828125 0.0359375 0.04375
1 0.2859375 0.27890625 0.1171875 0.18125
1 0.17265625 0.3046875 0.10078125 0.12421875
1 0.29921875 0.47265625 0.12265625 0.10625
1 0.346875 0.5609375 0.04453125 0.046875
1 0.1734375 0.53515625 0.11953125 0.10625
1 0.1921875 0.64296875 0.0921875 0.1046875
1 0.146875 0.7015625 0.05546875 0.06875
1 0.05625 0.52109375 0.0828125 0.1734375
1 0.0703125 0.334375 0.0578125 0.07109375
1 0.021875 0.3203125 0.04375 0.0796875
1 0.05703125 0.18046875 0.05859375 0.07734375
1 0.05546875 0.2546875 0.040625 0.0453125
1 0.11796875 0.3671875 0.0375 0.0375
1 0.18125 0.178125 0.04609375 0.0390625
1 0.15 0.06640625 0.1015625 0.12890625
1 0.09765625 0.80703125 0.05 0.0609375
1 0.19765625 0.796875 0.03515625 0.06875
1 0.31640625 0.75234375 0.03046875 0.04453125