1 0.28125 0.16015625 0.08515625 0.13046875
1 0.34765625 0.11171875 0.03046875 0.04453125
1 0.36875 0.1890625 0.06171875 0.04609375
1 0.41015625 0.2296875 0.0328125 0.0359375
1 0.3953125 0.29609375 0.03515625 0.03125
1 0.33671875 0.375 0.0515625 0.090625
1 0.34375 0.46953125 0.0546875 0.07421875
1 0.37265625 0.403125 0.040625 0.05703125
1 0.4578125 0.39609375 0.04296875 0.05234375
1 0.46171875 0.2953125 0.0265625 0.04609375
1 0.46015625 0.21328125 0.05234375 0.0515625
1 0.41328125 0.14140625 0.0390625 0.0515625
1 0.41796875 0.1015625 0.02734375 0.034375
1 0.2796875 0.03359375 0.06171875 0.06640625
1 0.2640625 0.4984375 0.09453125 0.10390625
1 0.25 0.359375 0.09609375 0.10078125
1 0.09296875 0.38125 0.08125 0.0765625
1 0.06171875 0.30859375 0.02421875 0.02421875
1 0.1109375 0.546875 0.034375 0.0328125
1 0.19296875 0.56015625 0.01953125 0.0234375
1 0.36171875 0.6859375 0.06640625 0.04375
1 0.38125 0.7171875 0.046875 0.03828125
1 0.06640625 0.68359375 0.090625 0.090625
1 0.03671875 0.58671875 0.06328125 0.075
1 0.1859375 0.15 0.06171875 0.0984375
1 0.1578125 0.21875 0.08671875 0.11015625
1 0.1546875 0.34296875 0.025 0.03046875
1 0.0296875 0.2765625 0.02109375 0.02734375
1 0.68984375 0.2125 0.02265625 0.03046875
1 0.71328125 0.2921875 0.0671875 0.05
1 0.4734375 0.4328125 0.02734375 0.065625
1 0.54140625 0.4234375 0.03046875 0.07890625
1 0.50390625 0.40546875 0.0578125 0.13125
1 0.48359375 0.29609375 0.05234375 0.12734375
1 0.2234375 0.63046875 0.01328125 0.01171875
1 0.34921875 0.61875 0.01640625 0.01328125
1 0.40234375 0.58515625 0.01328125 0.01484375
1 0.43046875 0.54375 0.01953125 0.03046875
1 0.8140625 0.303125 0.03359375 0.03359375
1 0.80234375 0.33671875 0.028125 0.04765625
1 0.7984375 0.37421875 0.0265625 0.03125
1 0.771875 0.41171875 0.04375 0.075
1 0.61640625 0.43046875 0.06953125 0.09765625
1 0.665625 0.3828125 0.05234375 0.07109375
1 0.70078125 0.3484375 0.06328125 0.046875
1 0.65859375 0.34296875 0.01875 0.0328125
1 0.66875 0.29375 0.025 0.0328125
1 0.68203125 0.25078125 0.02578125 0.03515625
1 0.4765625 0.54453125 0.06875 0.059375
1 0.40234375 0.5890625 0.0203125 0.01640625
1 0.51953125 0.490625 0.0375 0.02734375
1 0.5765625 0.49921875 0.03203125 0.040625
1 0.553125 0.50234375 0.03984375 0.0453125
1 0.64765625 0.4875 0.01640625 0.02734375
1 0.68046875 0.49609375 0.0140625 0.03984375
1 0.63203125 0.61953125 0.015625 0.028125
1 0.6234375 0.64375 0.025 0.0203125
1 0.59375 0.6625 0.0234375 0.02421875
1 0.621875 0.7140625 0.015625 0.028125
1 0.67734375 0.709375 0.0140625 0.01875
1 0.66796875 0.73359375 0.0140625 0.0171875
1 0.68203125 0.746875 0.00859375 0.0125
1 0.675 0.76953125 0.0125 0.0234375
1 0.65703125 0.70390625 0.01796875 0.03671875
1 0.6828125 0.65234375 0.01015625 0.0234375
1 0.7140625 0.6765625 0.0140625 0.02109375
1 0.7234375 0.71875 0.0140625 0.015625
1 0.69296875 0.67890625 0.01171875 0.0203125
1 0.69609375 0.61796875 0.015625 0.0203125
1 0.69765625 0.65546875 0.01171875 0.02265625
1 0.715625 0.6203125 0.02109375 0.05703125
1 0.73359375 0.653125 0.01484375 0.01640625
1 0.88359375 0.6875 0.03359375 0.0671875
1 0.93828125 0.6828125 0.0140625 0.04453125
1 0.89765625 0.625 0.01640625 0.009375
1 0.8890625 0.63359375 0.0109375 0.00703125
1 0.89296875 0.65078125 0.00859375 0.009375
1 0.8609375 0.6171875 0.0109375 0.0078125
1 0.86953125 0.6296875 0.0078125 0.00859375
1 0.79921875 0.6265625 0.01640625 0.0234375
1 0.81875 0.60546875 0.01328125 0.0390625
1 0.828125 0.63515625 0.00859375 0.01484375
1 0.8390625 0.63359375 0.009375 0.0171875
1 0.69453125 0.553125 0.02265625 0.015625
1 0.68984375 0.58515625 0.01953125 0.02109375
1 0.75703125 0.48828125 0.015625 0.01875
1 0.74453125 0.63828125 0.0125 0.01171875
1 0.75625 0.65703125 0.0125 0.0125
1 0.81484375 0.753125 0.01796875 0.03125
1 0.85390625 0.6015625 0.01015625 0.01484375
1 0.97109375 0.5921875 0.00859375 0.0109375
1 0.65 0.63125 0.00859375 0.0109375
1 0.73046875 0.5703125 0.01015625 0.0125
1 0.75 0.565625 0.00859375 0.0109375
1 0.765625 0.584375 0.009375 0.025
1 0.77890625 0.58359375 0.00546875 0.009375
1 0.775 0.64140625 0.00625 0.00703125
1 0.78046875 0.61796875 0.00625 0.01015625