1 0.41640625 0.15390625 0.1015625 0.05625
1 0.43203125 0.22265625 0.0875 0.0828125
1 0.496875 0.29609375 0.1046875 0.1703125
1 0.43515625 0.3015625 0.0375 0.0359375
1 0.4375 0.371875 0.0484375 0.021875
1 0.49453125 0.4234375 0.046875 0.11875
1 0.52578125 0.4390625 0.0421875 0.078125
1 0.4375 0.4609375 0.08125 0.0890625
1 0.38046875 0.475 0.084375 0.1171875
1 0.453125 0.6109375 0.021875 0.0265625
1 0.47890625 0.54921875 0.0796875 0.153125
1 0.54296875 0.5 0.071875 0.1140625
1 0.55859375 0.55234375 0.0890625 0.125
1 0.53515625 0.6609375 0.08125 0.1078125
1 0.5390625 0.753125 0.096875 0.09375
1 0.059375 0.09296875 0.071875 0.1
1 0.128125 0.134375 0.09375 0.0921875
1 0.2078125 0.14765625 0.090625 0.0859375
1 0.2609375 0.334375 0.0609375 0.1
1 0.153125 0.35703125 0.0859375 0.109375
1 0.20546875 0.4328125 0.0734375 0.078125
1 0.16953125 0.5078125 0.090625 0.0890625
1 0.0765625 0.27265625 0.0390625 0.0359375
1 0.06796875 0.19140625 0.0375 0.034375
1 0.10703125 0.1 0.0390625 0.046875
1 0.1203125 0.04375 0.0671875 0.053125
1 0.61640625 0.21484375 0.05 0.0421875
1 0.6078125 0.23671875 0.0359375 0.025
1 0.6234375 0.28984375 0.0328125 0.03125
1 0.6296875 0.3609375 0.0359375 0.0359375
1 0.6796875 0.3421875 0.0171875 0.025
1 0.58046875 0.40546875 0.034375 0.0328125
1 0.615625 0.48984375 0.028125 0.04375
1 0.6421875 0.4921875 0.0265625 0.0390625
1 0.64375 0.55703125 0.0359375 0.0421875
1 0.678125 0.59296875 0.03125 0.0328125
1 0.67265625 0.63984375 0.046875 0.0546875
1 0.63203125 0.6859375 0.034375 0.0296875
1 0.73046875 0.4921875 0.0265625 0.028125
1 0.86796875 0.49375 0.028125 0.0421875
1 0.8890625 0.3296875 0.0296875 0.03125
1 0.9078125 0.36015625 0.0375 0.0359375
1 0.9546875 0.46953125 0.03125 0.034375
1 0.96875 0.44453125 0.025 0.040625
1 0.9484375 0.25 0.01875 0.034375
1 0.75234375 0.14296875 0.0265625 0.0359375
1 0.809375 0.17734375 0.028125 0.025
1 0.83359375 0.2359375 0.03125 0.034375
1 0.84609375 0.2890625 0.025 0.028125
1 0.9625 0.39609375 0.021875 0.0328125
1 0.95 0.32890625 0.021875 0.021875
1 0.93828125 0.28046875 0.0234375 0.025
1 0.96484375 0.6 0.028125 0.0375