1 0.359375 0.37734375 0.01953125 0.0328125
1 0.3984375 0.43125 0.03828125 0.02578125
1 0.38359375 0.453125 0.0296875 0.03125
1 0.46640625 0.4890625 0.06875 0.10390625
1 0.446875 0.57109375 0.0546875 0.0703125
1 0.4875 0.56328125 0.0265625 0.0296875
1 0.49375 0.58984375 0.0296875 0.02578125
1 0.5171875 0.7328125 0.0953125 0.06953125
1 0.459375 0.80078125 0.02265625 0.03046875
1 0.4953125 0.84375 0.0171875 0.025
1 0.34375 0.65859375 0.02265625 0.01953125
1 0.4375 0.25625 0.04609375 0.10390625
1 0.4140625 0.3265625 0.0546875 0.0609375
1 0.4109375 0.28515625 0.04375 0.05703125
1 0.471875 0.16796875 0.028125 0.04296875
1 0.4796875 0.2125 0.02734375 0.0296875
1 0.51171875 0.22890625 0.046875 0.0703125
1 0.51484375 0.1171875 0.0390625 0.04453125
1 0.56796875 0.2734375 0.0265625 0.04140625
1 0.6015625 0.3625 0.0921875 0.10546875
1 0.61328125 0.26328125 0.06640625 0.09296875
1 0.653125 0.31953125 0.0546875 0.0578125
1 0.69453125 0.28359375 0.05078125 0.0765625
1 0.78125 0.371875 0.0296875 0.0484375
1 0.8671875 0.39296875 0.0671875 0.08828125
1 0.9421875 0.51796875 0.05546875 0.09921875
1 0.91015625 0.3203125 0.0421875 0.05234375
1 0.934375 0.3390625 0.0203125 0.0328125
1 0.9296875 0.41640625 0.0546875 0.1046875
1 0.984375 0.265625 0.03046875 0.05625
1 0.17109375 0.2203125 0.0328125 0.040625
1 0.19609375 0.22109375 0.0203125 0.02578125
1 0.184375 0.23671875 0.0234375 0.034375
1 0.1734375 0.28828125 0.01875 0.03359375
1 0.296875 0.25859375 0.028125 0.02421875
1 0.30625 0.309375 0.028125 0.07578125
1 0.28125 0.2921875 0.02578125 0.0515625
1 0.26015625 0.39140625 0.025 0.05234375
1 0.3265625 0.3859375 0.02890625 0.05234375
1 0.1734375 0.41015625 0.01484375 0.0375
1 0.12265625 0.46484375 0.01875 0.0328125
1 0.1640625 0.4875 0.01875 0.028125
1 0.0234375 0.41875 0.02265625 0.0265625
1 0.07265625 0.46953125 0.0421875 0.04375
1 0.0828125 0.5265625 0.08359375 0.06796875
1 0.00859375 0.47421875 0.0171875 0.04921875
1 0.2546875 0.678125 0.04609375 0.0625
1 0.2578125 0.5265625 0.1015625 0.1265625
1 0.28671875 0.57890625 0.10703125 0.12734375
1 0.03359375 0.1453125 0.0484375 0.09453125
1 0.02265625 0.36328125 0.04453125 0.0671875
1 0.0078125 0.4265625 0.015625 0.046875
1 0.28828125 0.10234375 0.02734375 0.02578125
1 0.046875 0.2390625 0.0203125 0.03046875
1 0.0859375 0.221875 0.02578125 0.09296875
1 0.8953125 0.54296875 0.01796875 0.02421875