1 0.1265625 0.0984375 0.14375 0.1296875
1 0.1671875 0.22265625 0.0734375 0.0734375
1 0.12421875 0.1875 0.0609375 0.071875
1 0.0890625 0.33125 0.0171875 0.0234375
1 0.2828125 0.11640625 0.05 0.0453125
1 0.24453125 0.01484375 0.0609375 0.0296875
1 0.2390625 0.1015625 0.0234375 0.034375
1 0.34765625 0.2453125 0.0421875 0.0578125
1 0.453125 0.16796875 0.08125 0.0671875
1 0.4625 0.19921875 0.0453125 0.05
1 0.6421875 0.16171875 0.06875 0.090625
1 0.6578125 0.021875 0.04375 0.0296875
1 0.67265625 0.0578125 0.0578125 0.05
1 0.80078125 0.034375 0.0625 0.0421875
1 0.178125 0.4078125 0.059375 0.0609375
1 0.42421875 0.29140625 0.071875 0.1015625
1 0.36796875 0.4015625 0.0859375 0.15
1 0.46328125 0.39140625 0.0609375 0.0640625
1 0.45390625 0.4671875 0.0625 0.0734375
1 0.6046875 0.4328125 0.1234375 0.0796875
1 0.5703125 0.25078125 0.1421875 0.1796875
1 0.07890625 0.59140625 0.0296875 0.034375
1 0.19375 0.5578125 0.0984375 0.128125
1 0.10859375 0.43046875 0.015625 0.021875
1 0.19921875 0.65 0.01875 0.0171875
1 0.403125 0.57265625 0.0828125 0.059375
1 0.34921875 0.60078125 0.040625 0.0359375
1 0.3890625 0.64453125 0.075 0.0734375
1 0.359375 0.696875 0.06875 0.0953125
1 0.38203125 0.775 0.025 0.0375
1 0.4703125 0.7578125 0.0421875 0.0703125
1 0.4953125 0.69765625 0.0484375 0.0515625
1 0.846875 0.58984375 0.1234375 0.0609375
1 0.834375 0.66875 0.0265625 0.0265625
1 0.86015625 0.67734375 0.0203125 0.0265625
1 0.76953125 0.303125 0.1 0.0703125
1 0.7734375 0.3515625 0.0328125 0.034375
1 0.92890625 0.2109375 0.11875 0.0765625
1 0.975 0.1265625 0.046875 0.0546875
1 0.99765625 0.159375 0.0046875 0.034375
1 0.2125 0.2484375 0.0375 0.0390625
1 0.8546875 0.40390625 0.115625 0.0609375
1 0.86015625 0.35703125 0.1546875 0.0734375
1 0.78125 0.39609375 0.04375 0.04375
1 0.9546875 0.38359375 0.0453125 0.0515625