1 0.375 0.08828125 0.0703125 0.065625
1 0.4390625 0.16484375 0.0359375 0.0453125
1 0.5125 0.23515625 0.15625 0.1671875
1 0.55390625 0.3 0.1625 0.14375
1 0.70546875 0.296875 0.0484375 0.071875
1 0.80390625 0.3875 0.06875 0.0421875
1 0.925 0.13359375 0.0828125 0.096875
1 0.9390625 0.28828125 0.103125 0.0828125
1 0.875 0.33125 0.0640625 0.0640625
1 0.93515625 0.41171875 0.103125 0.1546875
1 0.303125 0.10625 0.0484375 0.0578125
1 0.30703125 0.01015625 0.0734375 0.0203125
1 0.2015625 0.04765625 0.0515625 0.053125
1 0.2453125 0.09609375 0.071875 0.0609375
1 0.325 0.04296875 0.028125 0.0359375
1 0.18359375 0.15390625 0.05 0.05
1 0.09765625 0.1046875 0.065625 0.0484375
1 0.11796875 0.15625 0.034375 0.046875
1 0.11015625 0.21875 0.0390625 0.0453125
1 0.16796875 0.26015625 0.0546875 0.046875
1 0.1 0.2921875 0.0328125 0.046875
1 0.17109375 0.4 0.071875 0.0984375
1 0.20625 0.484375 0.075 0.1
1 0.28671875 0.35 0.046875 0.040625
1 0.3375 0.47265625 0.175 0.1296875
1 0.30625 0.53125 0.0453125 0.0484375
1 0.3890625 0.5671875 0.16875 0.1125
1 0.078125 0.471875 0.0890625 0.075
1 0.05625 0.39765625 0.04375 0.05
1 0.065625 0.54765625 0.0359375 0.0390625
1 0.090625 0.58984375 0.0390625 0.034375
1 0.17578125 0.628125 0.14375 0.153125
1 0.16484375 0.72109375 0.1578125 0.1453125
1 0.25234375 0.76015625 0.06875 0.0859375
1 0.33984375 0.77265625 0.0640625 0.06875
1 0.42578125 0.765625 0.04375 0.05625
1 0.5296875 0.7796875 0.0640625 0.0734375
1 0.6109375 0.82890625 0.0609375 0.053125
1 0.796875 0.84921875 0.0875 0.09375
1 0.784375 0.68984375 0.0984375 0.1421875
1 0.91484375 0.69453125 0.0640625 0.0640625
1 0.875 0.73671875 0.1 0.1046875
1 0.89453125 0.5671875 0.140625 0.1921875
1 0.9859375 0.43203125 0.028125 0.0765625
1 0.96171875 0.496875 0.046875 0.059375
1 0.684375 0.434375 0.0546875 0.0578125
1 0.66953125 0.54609375 0.05625 0.0828125
1 0.625 0.6 0.0734375 0.0765625
1 0.61953125 0.5140625 0.06875 0.059375
1 0.65 0.696875 0.05625 0.0953125
1 0.653125 0.7671875 0.0578125 0.096875
1 0.45234375 0.49140625 0.0546875 0.065625
1 0.590625 0.42109375 0.1625 0.121875
1 0.51953125 0.46953125 0.1359375 0.15625