1 0.41484375 0.115625 0.0484375 0.065625
1 0.575 0.14765625 0.0375 0.0671875
1 0.62109375 0.1515625 0.0578125 0.0578125
1 0.6359375 0.19609375 0.04375 0.0265625
1 0.61640625 0.2234375 0.065625 0.0546875
1 0.71171875 0.30390625 0.0421875 0.0375
1 0.7046875 0.346875 0.0515625 0.046875
1 0.64375 0.37421875 0.0875 0.0609375
1 0.8578125 0.33671875 0.0609375 0.0484375
1 0.83359375 0.359375 0.0484375 0.03125
1 0.7484375 0.496875 0.046875 0.0640625
1 0.7046875 0.50234375 0.03125 0.0390625
1 0.63125 0.5171875 0.028125 0.046875
1 0.5109375 0.46171875 0.08125 0.0734375
1 0.56484375 0.475 0.040625 0.05
1 0.60703125 0.4578125 0.0375 0.04375
1 0.57890625 0.5265625 0.0734375 0.05
1 0.48203125 0.5046875 0.03125 0.034375
1 0.5109375 0.55625 0.0671875 0.053125
1 0.52734375 0.5859375 0.040625 0.03125
1 0.515625 0.62421875 0.0609375 0.0375
1 0.5546875 0.7015625 0.0265625 0.0265625
1 0.4828125 0.71015625 0.034375 0.0390625
1 0.5140625 0.77578125 0.03125 0.04375
1 0.7828125 0.1203125 0.01875 0.0375
1 0.76640625 0.14375 0.0203125 0.0359375
1 0.7140625 0.10078125 0.025 0.0578125
1 0.753125 0.2578125 0.04375 0.0796875
1 0.81015625 0.20390625 0.0640625 0.0859375
1 0.9375 0.175 0.0515625 0.05625
1 0.98828125 0.25625 0.0234375 0.078125
1 0.9890625 0.39296875 0.021875 0.1984375
1 0.53046875 0.0265625 0.05625 0.046875
1 0.46328125 0.15859375 0.053125 0.0859375
1 0.3796875 0.2265625 0.0484375 0.06875
1 0.365625 0.31484375 0.146875 0.1875
1 0.33046875 0.38671875 0.146875 0.1828125
1 0.27734375 0.40859375 0.0703125 0.0828125
1 0.2546875 0.29375 0.059375 0.0671875
1 0.22734375 0.56328125 0.1109375 0.1140625
1 0.171875 0.440625 0.053125 0.0671875
1 0.08984375 0.3734375 0.05 0.1203125
1 0.06171875 0.34921875 0.06875 0.1609375
1 0.0515625 0.26640625 0.0609375 0.1453125
1 0.10234375 0.16328125 0.0375 0.0765625
1 0.12890625 0.23125 0.06875 0.1234375
1 0.11328125 0.05234375 0.15625 0.0703125
1 0.14375 0.1203125 0.2296875 0.109375