1 0.175 0.33671875 0.0734375 0.071875
1 0.21171875 0.29140625 0.0578125 0.053125
1 0.35234375 0.34609375 0.0453125 0.0375
1 0.41484375 0.3953125 0.034375 0.0328125
1 0.384375 0.25234375 0.040625 0.040625
1 0.06171875 0.265625 0.040625 0.0390625
1 0.11953125 0.55859375 0.0828125 0.075
1 0.2953125 0.59921875 0.0625 0.071875
1 0.2125 0.74765625 0.1421875 0.2015625
1 0.34453125 0.50390625 0.0546875 0.046875
1 0.37109375 0.54375 0.0578125 0.0671875
1 0.38515625 0.4875 0.0609375 0.059375
1 0.55625 0.5625 0.03125 0.0296875
1 0.6484375 0.55546875 0.0296875 0.0390625
1 0.66171875 0.56953125 0.0203125 0.021875
1 0.80078125 0.41796875 0.071875 0.1109375
1 0.8609375 0.509375 0.1328125 0.20625
1 0.97734375 0.3671875 0.0453125 0.05625
1 0.78828125 0.33046875 0.028125 0.0359375
1 0.7546875 0.31328125 0.0671875 0.1078125
1 0.88125 0.11796875 0.0609375 0.078125
1 0.9703125 0.11953125 0.059375 0.0828125
1 0.95546875 0.2 0.0890625 0.159375
1 0.50078125 0.8109375 0.04375 0.0453125
1 0.55390625 0.78671875 0.0984375 0.1328125
1 0.49375 0.72578125 0.05 0.034375
1 0.49609375 0.64921875 0.025 0.034375
1 0.45 0.62578125 0.04375 0.05625
1 0.48828125 0.60703125 0.021875 0.021875
1 0.46171875 0.71328125 0.015625 0.0140625
1 0.48046875 0.56796875 0.015625 0.01875
1 0.53359375 0.57734375 0.0171875 0.0203125
1 0.04765625 0.4953125 0.021875 0.0203125
1 0.0125 0.50078125 0.025 0.0296875
1 0.00859375 0.5234375 0.0171875 0.103125
1 0.78828125 0.115625 0.0890625 0.1515625
1 0.76328125 0.20390625 0.021875 0.04375
1 0.75859375 0.065625 0.0265625 0.053125
1 0.66171875 0.1984375 0.0328125 0.04375
1 0.6609375 0.37578125 0.028125 0.0546875
1 0.56640625 0.38984375 0.0203125 0.025
1 0.54765625 0.40703125 0.0171875 0.0203125
1 0.52421875 0.40390625 0.01875 0.01875
1 0.5171875 0.42109375 0.015625 0.0125
1 0.50859375 0.3125 0.028125 0.028125
1 0.52421875 0.33203125 0.0203125 0.021875
1 0.521875 0.35078125 0.0234375 0.0234375
1 0.5375 0.3515625 0.01875 0.025
1 0.52109375 0.25546875 0.0375 0.0328125
1 0.5328125 0.2 0.03125 0.034375