1 0.5421875 0.1484375 0.0484375 0.0453125
1 0.559375 0.19296875 0.0375 0.0546875
1 0.46484375 0.28046875 0.0546875 0.05
1 0.52421875 0.33671875 0.040625 0.046875
1 0.56640625 0.3203125 0.0546875 0.0625
1 0.603125 0.29921875 0.034375 0.0453125
1 0.64140625 0.15234375 0.09375 0.090625
1 0.6578125 0.221875 0.0359375 0.040625
1 0.63125 0.43046875 0.0359375 0.034375
1 0.64453125 0.46484375 0.0390625 0.0390625
1 0.5265625 0.63203125 0.0859375 0.0859375
1 0.56640625 0.53046875 0.0640625 0.0828125
1 0.575 0.72109375 0.028125 0.028125
1 0.54765625 0.74140625 0.0203125 0.0265625
1 0.5859375 0.80546875 0.0234375 0.028125
1 0.4890625 0.81640625 0.053125 0.05
1 0.41015625 0.778125 0.0359375 0.046875
1 0.4578125 0.7390625 0.0484375 0.05625
1 0.45 0.678125 0.028125 0.0328125
1 0.4140625 0.6046875 0.0328125 0.0359375
1 0.37578125 0.66875 0.0171875 0.015625
1 0.421875 0.49140625 0.0296875 0.03125
1 0.44921875 0.52109375 0.0375 0.05625
1 0.53203125 0.46640625 0.0453125 0.046875
1 0.45078125 0.4421875 0.053125 0.0609375
1 0.42421875 0.38671875 0.0296875 0.0234375
1 0.21875 0.3046875 0.0546875 0.0734375
1 0.28984375 0.35625 0.09375 0.0734375
1 0.28671875 0.40546875 0.0765625 0.0421875
1 0.23203125 0.34375 0.0640625 0.084375
1 0.2203125 0.4046875 0.0390625 0.046875
1 0.28828125 0.44296875 0.0671875 0.0546875
1 0.10703125 0.346875 0.0703125 0.08125
1 0.165625 0.4796875 0.078125 0.0453125
1 0.1703125 0.51015625 0.0859375 0.053125
1 0.075 0.37265625 0.0859375 0.1078125
1 0.03203125 0.4078125 0.0640625 0.1
1 0.03828125 0.5625 0.03125 0.0296875
1 0.11796875 0.6265625 0.021875 0.028125
1 0.7671875 0.75859375 0.0875 0.0796875
1 0.82734375 0.71171875 0.08125 0.071875
1 0.85234375 0.60546875 0.053125 0.078125
1 0.79921875 0.396875 0.0421875 0.0578125
1 0.89375 0.34609375 0.075 0.08125
1 0.92578125 0.27734375 0.084375 0.06875
1 0.95078125 0.10546875 0.05625 0.0390625
1 0.6578125 0.61484375 0.0953125 0.1171875
1 0.72421875 0.5390625 0.0890625 0.13125
1 0.79140625 0.57890625 0.0859375 0.1171875
1 0.83359375 0.53125 0.1015625 0.115625
1 0.4671875 0.09140625 0.021875 0.028125
1 0.1125 0.01953125 0.034375 0.0390625
1 0.98828125 0.3171875 0.0234375 0.0375
1 0.31953125 0.06484375 0.0375 0.040625
1 0.2984375 0.14296875 0.034375 0.05
1 0.27890625 0.2375 0.0375 0.0453125
1 0.41484375 0.1046875 0.01875 0.01875
1 0.3265625 0.14921875 0.0140625 0.01875
1 0.36328125 0.1453125 0.015625 0.0140625
1 0.57109375 0.3734375 0.0359375 0.0421875
1 0.5484375 0.27734375 0.03125 0.0390625
1 0.4765625 0.5171875 0.01875 0.0234375
1 0.5 0.5046875 0.021875 0.0171875
1 0.52578125 0.578125 0.0234375 0.0265625
1 0.5578125 0.47109375 0.0171875 0.0265625