1 0.0984375 0.065625 0.0453125 0.05546875
1 0.19453125 0.1046875 0.0375 0.08046875
1 0.328125 0.03515625 0.03671875 0.0453125
1 0.42578125 0.0109375 0.0359375 0.021875
1 0.59765625 0.23203125 0.028125 0.04375
1 0.64375 0.1625 0.103125 0.1515625
1 0.66171875 0.06640625 0.103125 0.0671875
1 0.809375 0.05625 0.03828125 0.053125
1 0.890625 0.0953125 0.08359375 0.09375
1 0.95 0.0421875 0.096875 0.084375
1 0.2953125 0.26875 0.04609375 0.06484375
1 0.44296875 0.11953125 0.0234375 0.034375
1 0.46171875 0.18515625 0.034375 0.04375
1 0.52890625 0.18359375 0.02734375 0.03046875
1 0.53359375 0.275 0.02109375 0.04609375
1 0.56171875 0.3078125 0.02265625 0.021875
1 0.48046875 0.31640625 0.0421875 0.04609375
1 0.359375 0.36953125 0.06484375 0.1421875
1 0.2921875 0.384375 0.084375 0.14453125
1 0.07109375 0.32265625 0.040625 0.06875
1 0.1296875 0.4234375 0.02890625 0.05078125
1 0.01953125 0.38359375 0.0390625 0.07890625
1 0.03359375 0.4640625 0.0484375 0.05
1 0.0609375 0.58515625 0.078125 0.13515625
1 0.09921875 0.49609375 0.07890625 0.1375
1 0.37578125 0.49609375 0.0484375 0.05859375
1 0.41875 0.63203125 0.0328125 0.05625
1 0.3890625 0.7484375 0.03828125 0.0453125
1 0.5734375 0.7203125 0.0265625 0.03828125
1 0.56015625 0.6171875 0.03125 0.02890625
1 0.5265625 0.54609375 0.0296875 0.028125
1 0.5265625 0.4640625 0.021875 0.0296875
1 0.55078125 0.4140625 0.02421875 0.02578125
1 0.371875 0.0609375 0.02734375 0.0734375
1 0.65078125 0.48515625 0.1078125 0.11640625
1 0.5875 0.5765625 0.04296875 0.0828125
1 0.590625 0.63125 0.0203125 0.01171875
1 0.571875 0.659375 0.02109375 0.03046875
1 0.61015625 0.7046875 0.04609375 0.03125
1 0.7515625 0.6640625 0.046875 0.04296875
1 0.9140625 0.79140625 0.0671875 0.103125
1 0.81796875 0.6359375 0.02265625 0.028125
1 0.784375 0.62421875 0.03671875 0.0515625
1 0.79296875 0.4921875 0.0546875 0.05390625
1 0.92578125 0.36796875 0.02578125 0.025
1 0.9875 0.3390625 0.025 0.08828125
1 0.83359375 0.3296875 0.0953125 0.10078125
1 0.8546875 0.41328125 0.103125 0.1296875
1 0.64375 0.29453125 0.0453125 0.0578125
1 0.5890625 0.378125 0.0828125 0.11015625
1 0.8578125 0.19140625 0.0515625 0.053125