1 0.61328125 0.13203125 0.0984375 0.1640625
1 0.7265625 0.2625 0.08125 0.10625
1 0.875 0.240625 0.0578125 0.0671875
1 0.890625 0.30234375 0.03125 0.0375
1 0.8890625 0.425 0.0296875 0.0375
1 0.87890625 0.471875 0.04375 0.040625
1 0.8453125 0.6078125 0.0375 0.0515625
1 0.87734375 0.6328125 0.0375 0.0421875
1 0.96171875 0.690625 0.0765625 0.06875
1 0.9421875 0.7390625 0.096875 0.0546875
1 0.94609375 0.8578125 0.04375 0.0453125
1 0.87890625 0.93828125 0.01875 0.028125
1 0.69375 0.82421875 0.0640625 0.0859375
1 0.60234375 0.7078125 0.04375 0.0546875
1 0.53359375 0.60625 0.03125 0.0375
1 0.51171875 0.36484375 0.0421875 0.0515625
1 0.5484375 0.221875 0.0296875 0.0359375
1 0.56796875 0.2703125 0.071875 0.0734375
1 0.48359375 0.12890625 0.0609375 0.065625
1 0.50625 0.20546875 0.04375 0.05
1 0.4453125 0.259375 0.034375 0.046875
1 0.4765625 0.37265625 0.04375 0.06875
1 0.43046875 0.396875 0.040625 0.0421875
1 0.403125 0.44765625 0.0328125 0.0296875
1 0.42265625 0.4765625 0.040625 0.0328125
1 0.43359375 0.54921875 0.071875 0.084375
1 0.47421875 0.584375 0.025 0.0390625
1 0.41640625 0.61640625 0.0234375 0.025
1 0.4796875 0.72734375 0.0265625 0.0296875
1 0.74453125 0.61171875 0.0203125 0.021875
1 0.7296875 0.4859375 0.01875 0.0328125
1 0.71953125 0.4296875 0.0171875 0.0203125
1 0.61171875 0.39765625 0.0171875 0.0203125
1 0.5921875 0.4875 0.025 0.0296875
1 0.61953125 0.5015625 0.046875 0.065625
1 0.3890625 0.28515625 0.034375 0.0375
1 0.3328125 0.2484375 0.0421875 0.04375
1 0.353125 0.15859375 0.0390625 0.0609375
1 0.43203125 0.19453125 0.0375 0.0484375
1 0.3375 0.08828125 0.04375 0.0453125
1 0.29375 0.1546875 0.0390625 0.046875
1 0.2671875 0.2984375 0.1328125 0.190625
1 0.15703125 0.33359375 0.1109375 0.1328125
1 0.29765625 0.490625 0.13125 0.1171875
1 0.353125 0.57421875 0.0484375 0.05
1 0.178125 0.56328125 0.128125 0.115625
1 0.20546875 0.66953125 0.1015625 0.1125
1 0.165625 0.73125 0.0609375 0.0734375
1 0.06015625 0.559375 0.096875 0.1796875
1 0.0578125 0.37265625 0.0640625 0.0765625
1 0.01640625 0.36171875 0.0328125 0.0828125
1 0.03203125 0.21953125 0.0640625 0.0828125
1 0.0359375 0.29453125 0.04375 0.0484375
1 0.1078125 0.40078125 0.040625 0.040625
1 0.1546875 0.20703125 0.05 0.0421875
1 0.11328125 0.0984375 0.1125 0.1375
1 0.12578125 0.840625 0.0546875 0.065625
1 0.225 0.821875 0.040625 0.071875
1 0.3390625 0.7671875 0.034375 0.046875