1 0.3578125 0.18046875 0.0328125 0.0375
1 0.37421875 0.253125 0.040625 0.0453125
1 0.42421875 0.29921875 0.0296875 0.034375
1 0.39296875 0.32734375 0.0375 0.0484375
1 0.496875 0.34296875 0.025 0.0234375
1 0.49375 0.39375 0.025 0.028125
1 0.45546875 0.36484375 0.03125 0.0375
1 0.43828125 0.38984375 0.0484375 0.0484375
1 0.43125 0.43359375 0.05 0.0453125
1 0.46796875 0.49296875 0.0296875 0.034375
1 0.58828125 0.48984375 0.0515625 0.0546875
1 0.62265625 0.43984375 0.028125 0.0421875
1 0.56015625 0.20625 0.0453125 0.05625
1 0.5578125 0.14921875 0.071875 0.04375
1 0.61171875 0.0984375 0.046875 0.0609375
1 0.55859375 0.10703125 0.065625 0.04375
1 0.53203125 0.06796875 0.075 0.0328125
1 0.465625 0.01328125 0.06875 0.0265625
1 0.6578125 0.17734375 0.028125 0.03125
1 0.68125 0.26328125 0.04375 0.053125
1 0.63828125 0.3265625 0.0125 0.0203125
1 0.6640625 0.35859375 0.0265625 0.0296875
1 0.85390625 0.0265625 0.0671875 0.053125
1 0.93671875 0.0421875 0.0984375 0.084375
1 0.9015625 0.2328125 0.1171875 0.11875
1 0.875 0.14765625 0.0921875 0.109375
1 0.9296875 0.15390625 0.0390625 0.046875
1 0.3875 0.12265625 0.03125 0.046875
1 0.425 0.14921875 0.01875 0.0421875
1 0.403125 0.1640625 0.0234375 0.028125
1 0.4234375 0.21171875 0.034375 0.040625
1 0.44453125 0.22734375 0.034375 0.04375
1 0.415625 0.559375 0.0265625 0.0390625
1 0.49453125 0.5859375 0.01875 0.0265625
1 0.5265625 0.640625 0.0203125 0.021875
1 0.54375 0.71875 0.015625 0.025
1 0.425 0.64765625 0.0171875 0.015625
1 0.44453125 0.7078125 0.0140625 0.01875
1 0.4328125 0.76640625 0.025 0.03125
1 0.7125 0.4328125 0.025 0.0234375
1 0.72734375 0.52890625 0.025 0.0203125
1 0.70234375 0.57890625 0.0171875 0.0203125
1 0.73046875 0.5703125 0.0140625 0.0140625
1 0.7265625 0.684375 0.0203125 0.0140625
1 0.703125 0.746875 0.021875 0.025
1 0.8828125 0.6578125 0.075 0.0703125
1 0.7765625 0.384375 0.0234375 0.021875
1 0.97734375 0.46484375 0.0234375 0.034375
1 0.22578125 0.5984375 0.025 0.046875
1 0.21015625 0.64375 0.0296875 0.03125
1 0.23359375 0.534375 0.0265625 0.025