1 0.3421875 0.35234375 0.0328125 0.05859375
1 0.38203125 0.471875 0.04140625 0.04453125
1 0.40390625 0.49375 0.034375 0.03984375
1 0.40078125 0.534375 0.01796875 0.0203125
1 0.42265625 0.559375 0.02578125 0.0234375
1 0.471875 0.6953125 0.0328125 0.04453125
1 0.43671875 0.66015625 0.02109375 0.025
1 0.37265625 0.73515625 0.03203125 0.0484375
1 0.45703125 0.390625 0.04140625 0.06015625
1 0.48046875 0.25859375 0.0453125 0.05546875
1 0.50703125 0.1921875 0.0375 0.046875
1 0.2 0.01875 0.02421875 0.03671875
1 0.18671875 0.146875 0.02421875 0.04375
1 0.2125 0.275 0.02578125 0.0359375
1 0.21015625 0.36796875 0.0234375 0.03359375
1 0.62421875 0.1625 0.02578125 0.0421875
1 0.61015625 0.2359375 0.0390625 0.0390625
1 0.68359375 0.44140625 0.03515625 0.05234375
1 0.675 0.29375 0.02734375 0.03671875
1 0.6609375 0.18828125 0.0328125 0.04453125
1 0.67578125 0.1109375 0.04375 0.0453125
1 0.85546875 0.375 0.06875 0.04296875
1 0.80546875 0.2265625 0.03125 0.0421875
1 0.7765625 0.134375 0.02734375 0.0390625
1 0.80703125 0.03984375 0.0296875 0.0421875
1 0.85859375 0.1296875 0.0453125 0.0671875
1 0.8609375 0.01953125 0.05 0.0390625
1 0.07421875 0.090625 0.03359375 0.04296875
1 0.11015625 0.33125 0.0265625 0.04453125