1 0.0765625 0.43203125 0.03359375 0.040625
1 0.1265625 0.42109375 0.0296875 0.05078125
1 0.0546875 0.2484375 0.03515625 0.034375
1 0.12734375 0.08125 0.0359375 0.04140625
1 0.18515625 0.5265625 0.03125 0.05
1 0.253125 0.63359375 0.0453125 0.034375
1 0.40390625 0.59296875 0.04140625 0.0703125
1 0.4859375 0.70859375 0.06015625 0.0625
1 0.48515625 0.8171875 0.04453125 0.06484375
1 0.3625 0.33203125 0.0453125 0.0875
1 0.38984375 0.2203125 0.046875 0.05625
1 0.40234375 0.11640625 0.0359375 0.04765625
1 0.46171875 0.1109375 0.03125 0.0421875
1 0.4453125 0.26875 0.0484375 0.25546875
1 0.496875 0.4640625 0.0625 0.08828125
1 0.51171875 0.5578125 0.0328125 0.0515625
1 0.5375 0.584375 0.05 0.059375
1 0.66484375 0.56640625 0.05546875 0.05078125
1 0.50390625 0.26640625 0.03359375 0.05703125
1 0.5265625 0.34609375 0.034375 0.071875
1 0.55546875 0.421875 0.02265625 0.02421875
1 0.60390625 0.34296875 0.03046875 0.03828125
1 0.56875 0.259375 0.03125 0.034375
1 0.60234375 0.2125 0.025 0.03359375
1 0.471875 0.1859375 0.01953125 0.03828125
1 0.48671875 0.1359375 0.02109375 0.0375
1 0.50703125 0.14375 0.021875 0.01953125
1 0.5609375 0.178125 0.03671875 0.0359375
1 0.5703125 0.22265625 0.03515625 0.03671875
1 0.66796875 0.31875 0.0390625 0.04140625
1 0.75625 0.51328125 0.02890625 0.0453125
1 0.68671875 0.5421875 0.04140625 0.0375
1 0.86953125 0.603125 0.03046875 0.03828125
1 0.890625 0.39453125 0.02265625 0.03671875
1 0.98984375 0.31484375 0.0203125 0.040625
1 0.94140625 0.66171875 0.10546875 0.115625
1 0.9703125 0.6140625 0.025 0.03359375
1 0.76171875 0.6984375 0.02578125 0.0578125
1 0.7921875 0.753125 0.03125 0.0625
1 0.91640625 0.86171875 0.04375 0.05546875
1 0.4359375 0.79609375 0.0140625 0.02421875
1 0.575 0.85625 0.01328125 0.0203125