1 0.88984375 0.23828125 0.0984375 0.10625
1 0.80234375 0.41484375 0.0578125 0.090625
1 0.85859375 0.4359375 0.0734375 0.0828125
1 0.828125 0.4921875 0.0546875 0.05
1 0.95 0.48125 0.05625 0.071875
1 0.88515625 0.5015625 0.0359375 0.05
1 0.85625 0.53828125 0.05625 0.0328125
1 0.86328125 0.57890625 0.0421875 0.03125
1 0.90078125 0.625 0.0828125 0.0734375
1 0.71953125 0.12578125 0.0453125 0.040625
1 0.6453125 0.11796875 0.0984375 0.0859375
1 0.69296875 0.22265625 0.0484375 0.04375
1 0.71328125 0.31640625 0.0453125 0.04375
1 0.67890625 0.34140625 0.05625 0.0484375
1 0.68359375 0.40625 0.0359375 0.03125
1 0.634375 0.5046875 0.0265625 0.0359375
1 0.6578125 0.509375 0.0296875 0.0375
1 0.69140625 0.621875 0.0375 0.04375
1 0.6234375 0.553125 0.0171875 0.021875
1 0.66328125 0.56328125 0.0203125 0.01875
1 0.69375 0.66875 0.0203125 0.01875
1 0.73671875 0.6828125 0.015625 0.015625
1 0.75703125 0.68359375 0.015625 0.0171875
1 0.74453125 0.73125 0.0171875 0.025
1 0.78515625 0.7453125 0.03125 0.03125
1 0.80546875 0.62265625 0.0453125 0.0546875
1 0.778125 0.5765625 0.046875 0.0421875
1 0.81796875 0.65703125 0.03125 0.0234375
1 0.81328125 0.7578125 0.01875 0.0234375
1 0.53984375 0.20859375 0.0484375 0.059375
1 0.52578125 0.2703125 0.0421875 0.0640625
1 0.51953125 0.4015625 0.0421875 0.04375
1 0.58203125 0.38515625 0.0390625 0.0484375
1 0.609375 0.278125 0.028125 0.0390625
1 0.60625 0.4046875 0.01875 0.025
1 0.5625 0.4296875 0.01875 0.025
1 0.5078125 0.45 0.04375 0.04375
1 0.4546875 0.48671875 0.03125 0.0375
1 0.48515625 0.59453125 0.0640625 0.090625
1 0.503125 0.65 0.0375 0.05
1 0.45390625 0.63125 0.06875 0.090625
1 0.396875 0.6078125 0.071875 0.0890625
1 0.34453125 0.6671875 0.075 0.10625
1 0.440625 0.78046875 0.0703125 0.0625
1 0.484375 0.73671875 0.06875 0.046875
1 0.32109375 0.2890625 0.0671875 0.059375
1 0.33671875 0.34609375 0.034375 0.0359375
1 0.29375 0.40625 0.0328125 0.0375
1 0.2578125 0.41953125 0.0421875 0.053125
1 0.31484375 0.51015625 0.03125 0.028125
1 0.3265625 0.54609375 0.03125 0.034375
1 0.25625 0.59921875 0.0625 0.06875
1 0.2484375 0.54140625 0.015625 0.025
1 0.21796875 0.6921875 0.0796875 0.075
1 0.26640625 0.77421875 0.0296875 0.0296875
1 0.2390625 0.7921875 0.0140625 0.0203125
1 0.27734375 0.84921875 0.0140625 0.0203125
1 0.18203125 0.878125 0.04375 0.046875
1 0.23203125 0.27734375 0.05 0.0390625
1 0.24765625 0.31328125 0.03125 0.0375
1 0.159375 0.3796875 0.04375 0.0484375
1 0.2203125 0.43359375 0.0421875 0.0390625
1 0.22734375 0.54453125 0.040625 0.0453125
1 0.140625 0.51640625 0.040625 0.0453125
1 0.1109375 0.56875 0.028125 0.0296875
1 0.1390625 0.59375 0.0359375 0.0484375
1 0.16875 0.58671875 0.01875 0.0203125
1 0.2203125 0.6421875 0.0265625 0.025
1 0.103125 0.67421875 0.0296875 0.0328125
1 0.140625 0.73984375 0.0296875 0.0328125
1 0.1453125 0.8015625 0.046875 0.05
1 0.09453125 0.8453125 0.0453125 0.05
1 0.05703125 0.7390625 0.0203125 0.021875
1 0.0953125 0.11640625 0.040625 0.0375