1 0.40234375 0.49609375 0.046875 0.04375
1 0.47265625 0.475 0.01875 0.025
1 0.40234375 0.43046875 0.04375 0.04375
1 0.45 0.40234375 0.05 0.0609375
1 0.4890625 0.38125 0.034375 0.046875
1 0.42734375 0.534375 0.0234375 0.0265625
1 0.38984375 0.3625 0.040625 0.040625
1 0.384375 0.27734375 0.025 0.034375
1 0.403125 0.25546875 0.021875 0.03125
1 0.46953125 0.303125 0.034375 0.0546875
1 0.44375 0.32890625 0.0546875 0.065625
1 0.5453125 0.521875 0.046875 0.0421875
1 0.56875 0.5765625 0.0703125 0.078125
1 0.603125 0.65546875 0.0953125 0.1125
1 0.51328125 0.53984375 0.0484375 0.0625
1 0.428125 0.28828125 0.05 0.05625
1 0.46015625 0.2625 0.0546875 0.0625
1 0.41953125 0.23203125 0.028125 0.0390625
1 0.44140625 0.23203125 0.0328125 0.0390625
1 0.51875 0.2328125 0.0265625 0.0421875
1 0.54453125 0.246875 0.028125 0.034375
1 0.53828125 0.2953125 0.0296875 0.040625
1 0.56328125 0.3046875 0.0296875 0.0359375
1 0.5625 0.3671875 0.03125 0.0484375
1 0.584375 0.36796875 0.028125 0.0421875
1 0.58671875 0.44453125 0.0265625 0.0390625
1 0.60625 0.4390625 0.0265625 0.0359375
1 0.61484375 0.47421875 0.021875 0.0296875
1 0.61328125 0.50703125 0.028125 0.0328125
1 0.6328125 0.51171875 0.0234375 0.0265625
1 0.63125 0.5546875 0.021875 0.0234375
1 0.64921875 0.55625 0.021875 0.0265625
1 0.64453125 0.6015625 0.0234375 0.03125
1 0.6640625 0.6046875 0.021875 0.025
1 0.67734375 0.65 0.021875 0.028125
1 0.721875 0.659375 0.0328125 0.03125
1 0.63359375 0.3859375 0.015625 0.03125
1 0.6421875 0.4625 0.0171875 0.025
1 0.65703125 0.48125 0.0203125 0.025
1 0.6484375 0.39765625 0.01875 0.046875
1 0.6671875 0.415625 0.0265625 0.0375
1 0.6671875 0.3921875 0.03125 0.0375
1 0.16015625 0.5703125 0.021875 0.0234375
1 0.1875 0.59375 0.040625 0.0375
1 0.2296875 0.62421875 0.0359375 0.0328125
1 0.265625 0.64140625 0.015625 0.01875
1 0.22890625 0.6875 0.0234375 0.0265625
1 0.2421875 0.7109375 0.034375 0.0375
1 0.246875 0.67109375 0.0125 0.01875
1 0.27734375 0.56484375 0.03125 0.0390625
1 0.27578125 0.609375 0.0359375 0.0359375
1 0.28828125 0.6421875 0.0296875 0.0359375
1 0.30390625 0.609375 0.0203125 0.025
1 0.31640625 0.6171875 0.0203125 0.01875
1 0.3140625 0.63515625 0.021875 0.0171875
1 0.30078125 0.56640625 0.0171875 0.0125
1 0.29140625 0.54921875 0.0140625 0.0171875
1 0.2671875 0.5328125 0.0234375 0.0328125
1 0.25 0.565625 0.0265625 0.03125
1 0.24375 0.58359375 0.0265625 0.0296875
1 0.31484375 0.58984375 0.0140625 0.015625
1 0.3140625 0.57265625 0.015625 0.0125
1 0.31015625 0.5515625 0.01875 0.0203125
1 0.3109375 0.54140625 0.01875 0.015625
1 0.14296875 0.57265625 0.0171875 0.0171875
1 0.12734375 0.5875 0.0171875 0.015625
1 0.1390625 0.6046875 0.0265625 0.0203125
1 0.11015625 0.62578125 0.0484375 0.021875
1 0.1375 0.6359375 0.0421875 0.0375
1 0.1203125 0.659375 0.0328125 0.028125
1 0.075 0.66875 0.0234375 0.0171875
1 0.075 0.68515625 0.0265625 0.0234375
1 0.11953125 0.71953125 0.01875 0.01875
1 0.14375 0.6859375 0.025 0.0234375
1 0.134375 0.703125 0.0171875 0.0171875
1 0.14921875 0.7453125 0.034375 0.0265625
1 0.13046875 0.7671875 0.0359375 0.025
1 0.11484375 0.57421875 0.0125 0.0125
1 0.1125 0.59921875 0.015625 0.0171875
1 0.0890625 0.60625 0.028125 0.021875
1 0.10390625 0.61796875 0.01875 0.015625
1 0.065625 0.6125 0.0171875 0.015625
1 0.065625 0.6265625 0.015625 0.0109375
1 0.07890625 0.6421875 0.01875 0.0125
1 0.053125 0.5953125 0.034375 0.025
1 0.0390625 0.6390625 0.0375 0.0390625
1 0.04296875 0.67421875 0.0265625 0.0203125
1 0.06171875 0.70625 0.0109375 0.009375
1 0.19765625 0.6265625 0.009375 0.0125
1 0.26796875 0.66484375 0.00625 0.0109375
1 0.28359375 0.684375 0.0078125 0.00625
1 0.32734375 0.56484375 0.01875 0.015625
1 0.340625 0.58515625 0.0265625 0.0390625
1 0.36328125 0.609375 0.0171875 0.0234375
1 0.34296875 0.61875 0.01875 0.0171875
1 0.35078125 0.60859375 0.025 0.034375
1 0.3515625 0.64296875 0.0265625 0.0265625
1 0.3328125 0.66015625 0.0109375 0.0125
1 0.3390625 0.6953125 0.0234375 0.0171875
1 0.38203125 0.6234375 0.0109375 0.015625
1 0.38671875 0.6 0.0328125 0.0375
1 0.40078125 0.5421875 0.0078125 0.0125
1 0.40078125 0.55703125 0.0125 0.0125
1 0.396875 0.57265625 0.0125 0.0109375
1 0.40078125 0.5828125 0.0203125 0.0203125
1 0.71015625 0.46953125 0.01875 0.028125
1 0.715625 0.496875 0.009375 0.009375
1 0.7109375 0.484375 0.0078125 0.0078125
1 0.75234375 0.4765625 0.01875 0.0296875
1 0.75859375 0.50546875 0.0140625 0.021875
1 0.73828125 0.50390625 0.00625 0.0109375
1 0.73515625 0.52421875 0.0078125 0.0125
1 0.74609375 0.50390625 0.0140625 0.0171875
1 0.74765625 0.53359375 0.0234375 0.04375
1 0.75703125 0.5234375 0.025 0.03125
1 0.7421875 0.5390625 0.0109375 0.009375
1 0.7453125 0.55234375 0.00625 0.009375
1 0.77109375 0.56640625 0.0125 0.0125
1 0.7640625 0.5734375 0.015625 0.021875
1 0.83203125 0.53984375 0.0203125 0.0203125
1 0.85 0.55546875 0.0203125 0.021875
1 0.7890625 0.575 0.0203125 0.015625
1 0.77734375 0.6 0.01875 0.0203125
1 0.77421875 0.58828125 0.015625 0.0140625
1 0.7875 0.60703125 0.0109375 0.0125
1 0.79453125 0.584375 0.025 0.015625
1 0.8015625 0.60078125 0.021875 0.0140625