1 0.3453125 0.12421875 0.0890625 0.0515625
1 0.31484375 0.240625 0.0375 0.06875
1 0.29296875 0.4609375 0.0515625 0.059375
1 0.50078125 0.321875 0.05 0.04375
1 0.5328125 0.4171875 0.046875 0.05625
1 0.6 0.47109375 0.0203125 0.040625
1 0.56015625 0.5921875 0.059375 0.0671875
1 0.59140625 0.67265625 0.0765625 0.071875
1 0.48359375 0.61796875 0.028125 0.0375
1 0.55546875 0.71953125 0.0578125 0.053125
1 0.66484375 0.778125 0.0296875 0.0328125
1 0.59375 0.91953125 0.034375 0.0296875
1 0.70625 0.25703125 0.0765625 0.128125
1 0.92890625 0.51015625 0.1203125 0.1328125
1 0.9140625 0.3921875 0.053125 0.0734375
1 0.87109375 0.384375 0.0328125 0.05625
1 0.8515625 0.39921875 0.05 0.0578125
1 0.83828125 0.425 0.065625 0.0546875
1 0.88203125 0.621875 0.0328125 0.03125
1 0.928125 0.728125 0.128125 0.1609375
1 0.80625 0.859375 0.15625 0.1625
1 0.553125 0.72109375 0.046875 0.0484375
1 0.66484375 0.77734375 0.0421875 0.034375
1 0.5921875 0.9171875 0.034375 0.0296875
1 0.1234375 0.128125 0.05625 0.0484375
1 0.0203125 0.13828125 0.028125 0.0640625
1 0.09375 0.4875 0.040625 0.059375