1 0.33515625 0.15546875 0.14375 0.13359375
1 0.6375 0.25078125 0.1578125 0.17265625
1 0.3984375 0.25078125 0.096875 0.07734375
1 0.4625 0.275 0.04140625 0.0421875
1 0.559375 0.32109375 0.02578125 0.04765625
1 0.4265625 0.42421875 0.021875 0.0390625
1 0.52265625 0.5140625 0.04765625 0.11484375
1 0.640625 0.634375 0.078125 0.1375
1 0.53984375 0.63984375 0.046875 0.09375
1 0.4578125 0.66015625 0.01640625 0.03046875
1 0.3921875 0.57734375 0.01875 0.02421875
1 0.36171875 0.678125 0.01640625 0.02265625
1 0.496875 0.8046875 0.02109375 0.02109375
1 0.271875 0.709375 0.0140625 0.01875
1 0.31015625 0.49296875 0.08203125 0.26484375
1 0.31015625 0.48203125 0.01796875 0.04140625
1 0.2390625 0.5984375 0.07734375 0.18203125
1 0.53984375 0.9171875 0.06015625 0.07421875
1 0.890625 0.5765625 0.0140625 0.01171875
1 0.846875 0.6125 0.0125 0.01796875
1 0.89609375 0.6046875 0.0171875 0.01015625
1 0.875 0.70859375 0.0234375 0.01171875
1 0.86953125 0.7390625 0.01640625 0.02109375
1 0.86328125 0.7828125 0.02734375 0.0484375
1 0.8578125 0.840625 0.0171875 0.0265625
1 0.87109375 0.90390625 0.01328125 0.03125
1 0.96328125 0.77734375 0.02890625 0.03359375
1 0.85390625 0.6515625 0.01484375 0.01484375
1 0.9921875 0.57421875 0.015625 0.06953125
1 0.9484375 0.584375 0.0125 0.0125
1 0.98046875 0.56171875 0.01015625 0.01484375
1 0.99453125 0.64140625 0.0109375 0.0265625
1 0.96328125 0.646875 0.00859375 0.01875