1 0.1 0.3453125 0.040625 0.046875
1 0.15078125 0.3453125 0.0390625 0.05625
1 0.11640625 0.16171875 0.0421875 0.040625
1 0.221875 0.01875 0.04375 0.0375
1 0.18671875 0.46015625 0.040625 0.0546875
1 0.23046875 0.5796875 0.0515625 0.04375
1 0.38671875 0.57109375 0.0546875 0.078125
1 0.44296875 0.70078125 0.071875 0.0734375
1 0.41953125 0.80703125 0.0578125 0.0734375
1 0.40078125 0.30703125 0.0625 0.0953125
1 0.45078125 0.20390625 0.0578125 0.0640625
1 0.484375 0.1046875 0.0453125 0.0546875
1 0.54375 0.11171875 0.0390625 0.0484375
1 0.49453125 0.2625 0.1 0.259375
1 0.5046875 0.4640625 0.0796875 0.1
1 0.49921875 0.559375 0.0421875 0.0578125
1 0.51875 0.590625 0.0609375 0.06875
1 0.64765625 0.59921875 0.0640625 0.0609375
1 0.55234375 0.27265625 0.0453125 0.0625
1 0.5578125 0.3546875 0.0484375 0.078125
1 0.5703125 0.43515625 0.0265625 0.028125
1 0.634375 0.36796875 0.0375 0.04375
1 0.6171875 0.27890625 0.0375 0.040625
1 0.66015625 0.23984375 0.03125 0.0375
1 0.5375 0.18671875 0.0265625 0.0421875
1 0.5625 0.14140625 0.028125 0.040625
1 0.58125 0.153125 0.025 0.0234375
1 0.6265625 0.19765625 0.04375 0.0421875
1 0.6265625 0.24296875 0.0421875 0.04375
1 0.70234375 0.3578125 0.046875 0.0484375
1 0.74765625 0.56640625 0.0375 0.05
1 0.67421875 0.58046875 0.0484375 0.0453125
1 0.83984375 0.67734375 0.0375 0.04375
1 0.90390625 0.478125 0.0296875 0.040625
1 0.8984375 0.75 0.1265625 0.134375
1 0.9359375 0.709375 0.03125 0.0375
1 0.71484375 0.7484375 0.0375 0.0625
1 0.7328125 0.80859375 0.04375 0.0671875
1 0.83203125 0.940625 0.0546875 0.0640625
1 0.37578125 0.7765625 0.01875 0.0265625
1 0.49921875 0.8640625 0.0171875 0.021875