1 0.5515625 0.14609375 0.04375 0.0921875
1 0.53125 0.34921875 0.0546875 0.06875
1 0.5515625 0.3921875 0.084375 0.05234375
1 0.5328125 0.44375 0.08359375 0.046875
1 0.51015625 0.571875 0.05078125 0.10390625
1 0.5234375 0.6484375 0.07734375 0.18828125
1 0.384375 0.39140625 0.0921875 0.125
1 0.38671875 0.48203125 0.12734375 0.190625
1 0.39140625 0.67578125 0.14375 0.17265625
1 0.6 0.24921875 0.02890625 0.0984375
1 0.5703125 0.25859375 0.01640625 0.03125
1 0.65625 0.271875 0.021875 0.03359375
1 0.67578125 0.2859375 0.02109375 0.02578125
1 0.56171875 0.49375 0.0390625 0.0515625
1 0.59296875 0.5421875 0.04765625 0.075
1 0.63046875 0.546875 0.05546875 0.07265625
1 0.61640625 0.48046875 0.03671875 0.05390625
1 0.653125 0.490625 0.015625 0.02734375
1 0.67890625 0.509375 0.01484375 0.0234375
1 0.66640625 0.33359375 0.02109375 0.03203125
1 0.6765625 0.4453125 0.0171875 0.0265625
1 0.721875 0.4375 0.02578125 0.04140625
1 0.74375 0.57109375 0.0515625 0.0953125
1 0.7390625 0.64453125 0.02578125 0.0359375
1 0.7171875 0.2 0.01484375 0.02421875
1 0.809375 0.26015625 0.02265625 0.03046875
1 0.8140625 0.34296875 0.0265625 0.04453125
1 0.83828125 0.37890625 0.02890625 0.0546875
1 0.86640625 0.390625 0.0296875 0.0390625
1 0.84140625 0.4359375 0.03828125 0.06875
1 0.79921875 0.296875 0.02109375 0.02734375
1 0.78515625 0.365625 0.03203125 0.10625
1 0.778125 0.4796875 0.01953125 0.034375
1 0.81484375 0.51171875 0.04453125 0.06015625
1 0.81015625 0.56640625 0.03203125 0.04296875
1 0.834375 0.65390625 0.034375 0.0359375
1 0.92890625 0.40625 0.01953125 0.02890625
1 0.9921875 0.40390625 0.01484375 0.0296875
1 0.9484375 0.40546875 0.02421875 0.03046875
1 0.971875 0.4046875 0.025 0.0359375
1 0.96328125 0.453125 0.053125 0.05546875
1 0.9625 0.54609375 0.02578125 0.05
1 0.91640625 0.47578125 0.03828125 0.059375
1 0.91484375 0.43046875 0.02734375 0.02578125
1 0.94609375 0.53203125 0.0125 0.02421875
1 0.9453125 0.64765625 0.02421875 0.02734375