1 0.4875 0.16640625 0.02890625 0.03828125
1 0.4875 0.0875 0.02421875 0.03671875
1 0.51328125 0.13671875 0.01953125 0.025
1 0.52890625 0.1890625 0.0421875 0.046875
1 0.60390625 0.31171875 0.0578125 0.12578125
1 0.66953125 0.21328125 0.07109375 0.2484375
1 0.9046875 0.42578125 0.04296875 0.05546875
1 0.9234375 0.4625 0.03359375 0.03671875
1 0.95703125 0.434375 0.015625 0.03359375
1 0.9640625 0.5140625 0.02734375 0.04609375
1 0.965625 0.56328125 0.03984375 0.02109375
1 0.50078125 0.3078125 0.0390625 0.03984375
1 0.52421875 0.39296875 0.034375 0.03515625
1 0.53984375 0.59375 0.1234375 0.12109375
1 0.48203125 0.16640625 0.0296875 0.034375
1 0.4484375 0.278125 0.0234375 0.04375
1 0.4421875 0.30546875 0.01875 0.02109375
1 0.44921875 0.3359375 0.02421875 0.0328125
1 0.4375 0.36953125 0.021875 0.0390625
1 0.45078125 0.42890625 0.0296875 0.0828125
1 0.42421875 0.4296875 0.021875 0.03046875
1 0.42734375 0.48671875 0.02109375 0.021875
1 0.434375 0.52421875 0.0203125 0.04765625
1 0.4625 0.54140625 0.01953125 0.021875
1 0.40859375 0.55859375 0.01484375 0.02265625
1 0.4375 0.590625 0.0265625 0.040625
1 0.43828125 0.64375 0.02109375 0.07265625
1 0.40703125 0.5953125 0.0171875 0.0296875
1 0.40703125 0.63046875 0.02421875 0.0375
1 0.41640625 0.58046875 0.015625 0.02734375
1 0.45 0.7109375 0.0234375 0.0359375
1 0.478125 0.69296875 0.01875 0.02578125
1 0.403125 0.74765625 0.01640625 0.01796875
1 0.43828125 0.765625 0.01640625 0.02265625
1 0.43046875 0.784375 0.02734375 0.025
1 0.53203125 0.753125 0.02109375 0.028125
1 0.2796875 0.6828125 0.02578125 0.0265625
1 0.2828125 0.5828125 0.02109375 0.025
1 0.2953125 0.4 0.0328125 0.03828125
1 0.30234375 0.31953125 0.0375 0.0375
1 0.26328125 0.26875 0.0359375 0.03671875
1 0.22734375 0.2484375 0.02578125 0.021875
1 0.22265625 0.27265625 0.03203125 0.0265625
1 0.1859375 0.275 0.03125 0.03203125
1 0.18203125 0.20078125 0.0859375 0.1078125
1 0.1375 0.2375 0.025 0.02265625
1 0.10625 0.2109375 0.0390625 0.03359375
1 0.096875 0.26953125 0.0890625 0.09609375
1 0.06484375 0.36875 0.0765625 0.1
1 0.125 0.4125 0.01875 0.028125
1 0.16875 0.4890625 0.028125 0.03515625
1 0.209375 0.4296875 0.04140625 0.05390625
1 0.121875 0.59453125 0.028125 0.025
1 0.121875 0.64140625 0.015625 0.0328125
1 0.14375 0.6484375 0.028125 0.02734375
1 0.0734375 0.79296875 0.03984375 0.03515625
1 0.03359375 0.70078125 0.02109375 0.021875
1 0.01015625 0.6609375 0.0203125 0.02890625
1 0.0796875 0.60390625 0.06171875 0.2046875
1 0.08671875 0.45546875 0.01875 0.02109375
1 0.07890625 0.49375 0.02578125 0.02890625
1 0.0609375 0.446875 0.01875 0.02265625
1 0.0796875 0.828125 0.02890625 0.01640625
1 0.0078125 0.7875 0.015625 0.021875