1 0.28359375 0.17421875 0.08515625 0.12578125
1 0.33828125 0.259375 0.0609375 0.078125
1 0.2828125 0.28125 0.02890625 0.03515625
1 0.34296875 0.39453125 0.0265625 0.02578125
1 0.425 0.4828125 0.053125 0.0453125
1 0.38515625 0.34921875 0.0703125 0.08125
1 0.384375 0.40859375 0.03984375 0.0375
1 0.3546875 0.67109375 0.03203125 0.05078125
1 0.59765625 0.734375 0.059375 0.07265625
1 0.60078125 0.828125 0.0515625 0.07265625
1 0.54296875 0.3328125 0.03828125 0.10390625
1 0.584375 0.3609375 0.0671875 0.128125
1 0.66640625 0.490625 0.025 0.03984375
1 0.690625 0.4375 0.01953125 0.03125
1 0.721875 0.559375 0.025 0.0390625
1 0.79609375 0.8328125 0.01875 0.02265625
1 0.58125 0.2609375 0.03203125 0.04609375
1 0.52109375 0.1359375 0.05390625 0.146875
1 0.58515625 0.15625 0.05859375 0.13203125
1 0.55 0.1671875 0.02890625 0.0546875
1 0.4625 0.234375 0.0375 0.0453125
1 0.4140625 0.16484375 0.03359375 0.02890625
1 0.3796875 0.125 0.01484375 0.03046875
1 0.40078125 0.0953125 0.0359375 0.04765625
1 0.134375 0.0796875 0.1203125 0.11015625
1 0.1421875 0.16796875 0.04609375 0.0515625
1 0.22265625 0.20234375 0.03671875 0.04765625
1 0.09140625 0.27109375 0.1375 0.09453125
1 0.1875 0.3265625 0.06171875 0.059375
1 0.1125 0.353125 0.134375 0.09609375
1 0.14765625 0.4796875 0.034375 0.04609375
1 0.17734375 0.5640625 0.02578125 0.0234375
1 0.20859375 0.58515625 0.03984375 0.034375
1 0.1328125 0.64921875 0.04140625 0.03046875
1 0.10234375 0.61640625 0.03359375 0.02421875
1 0.046875 0.57890625 0.04375 0.02265625
1 0.05078125 0.53203125 0.04453125 0.01875
1 0.0140625 0.271875 0.02734375 0.03359375
1 0.01484375 0.3109375 0.0296875 0.034375
1 0.55859375 0.6140625 0.02890625 0.04140625
1 0.2375 0.45703125 0.025 0.0171875