1 0.36328125 0.178125 0.03203125 0.0375
1 0.37890625 0.25078125 0.0390625 0.0453125
1 0.428125 0.29765625 0.02890625 0.03359375
1 0.39609375 0.32578125 0.03671875 0.04765625
1 0.5 0.34296875 0.025 0.0234375
1 0.4953125 0.39375 0.025 0.028125
1 0.4578125 0.3640625 0.03046875 0.03671875
1 0.43984375 0.3890625 0.046875 0.04765625
1 0.4328125 0.43203125 0.04921875 0.04375
1 0.46796875 0.4921875 0.0296875 0.034375
1 0.58828125 0.49140625 0.05078125 0.053125
1 0.6234375 0.4421875 0.02734375 0.0421875
1 0.565625 0.20703125 0.04453125 0.05625
1 0.5640625 0.15 0.071875 0.0421875
1 0.61875 0.10078125 0.0453125 0.059375
1 0.565625 0.1078125 0.06484375 0.0421875
1 0.53984375 0.06875 0.075 0.03203125
1 0.47421875 0.0125 0.06875 0.025
1 0.66328125 0.18046875 0.028125 0.03125
1 0.68515625 0.26640625 0.0421875 0.053125
1 0.64140625 0.32890625 0.01171875 0.01953125
1 0.66640625 0.36171875 0.02578125 0.02890625
1 0.86328125 0.0296875 0.065625 0.059375
1 0.9453125 0.04609375 0.096875 0.0921875
1 0.90625 0.23984375 0.115625 0.11640625
1 0.88125 0.15390625 0.08984375 0.1078125
1 0.9359375 0.16171875 0.03828125 0.04609375
1 0.39375 0.12109375 0.03046875 0.046875
1 0.43125 0.14765625 0.01796875 0.04140625
1 0.409375 0.1625 0.0234375 0.028125
1 0.428125 0.21015625 0.034375 0.03984375
1 0.44921875 0.2265625 0.03359375 0.04375
1 0.41484375 0.5578125 0.0265625 0.0390625
1 0.49296875 0.5859375 0.01796875 0.0265625
1 0.52421875 0.64140625 0.01953125 0.021875
1 0.53984375 0.71953125 0.015625 0.02421875
1 0.42265625 0.64609375 0.0171875 0.015625
1 0.440625 0.70703125 0.01328125 0.01875
1 0.428125 0.76484375 0.025 0.03046875
1 0.71328125 0.43671875 0.025 0.0234375
1 0.7265625 0.5328125 0.02421875 0.0203125
1 0.70078125 0.5828125 0.0171875 0.0203125
1 0.72890625 0.57421875 0.01328125 0.01328125
1 0.7234375 0.68828125 0.01953125 0.01328125
1 0.6984375 0.75 0.02109375 0.025
1 0.8796875 0.66484375 0.0734375 0.06875
1 0.77890625 0.3890625 0.02265625 0.02109375
1 0.978125 0.4734375 0.0234375 0.03359375
1 0.22421875 0.59375 0.02421875 0.04609375
1 0.2078125 0.63828125 0.0296875 0.03125
1 0.2328125 0.5296875 0.0265625 0.025