1 0.49375 0.03671875 0.0875 0.0734375
1 0.4609375 0.11484375 0.0609375 0.0625
1 0.4359375 0.22734375 0.0625 0.059375
1 0.40390625 0.34765625 0.0578125 0.059375
1 0.35703125 0.50546875 0.0890625 0.090625
1 0.31328125 0.66328125 0.0359375 0.046875
1 0.4625 0.459375 0.0359375 0.040625
1 0.525 0.125 0.04375 0.0453125
1 0.62578125 0.278125 0.0328125 0.0546875
1 0.61953125 0.3953125 0.0296875 0.034375
1 0.51171875 0.58671875 0.028125 0.028125
1 0.49453125 0.62265625 0.0390625 0.0328125
1 0.465625 0.70078125 0.0265625 0.028125
1 0.49765625 0.78125 0.025 0.0265625
1 0.584375 0.69921875 0.03125 0.0359375
1 0.63515625 0.62265625 0.075 0.0890625
1 0.43046875 0.88046875 0.05625 0.0609375
1 0.69375 0.81640625 0.2171875 0.1875
1 0.92421875 0.77421875 0.053125 0.06875
1 0.221875 0.59375 0.1625 0.1953125
1 0.03828125 0.5375 0.0765625 0.184375