1 0.3609375 0.31484375 0.03671875 0.04375
1 0.4328125 0.3546875 0.034375 0.046875
1 0.38125 0.4703125 0.03359375 0.05078125
1 0.36484375 0.5328125 0.02421875 0.025
1 0.39921875 0.553125 0.02734375 0.046875
1 0.47109375 0.4796875 0.03125 0.04921875
1 0.403125 0.16640625 0.0484375 0.03828125
1 0.4296875 0.20546875 0.03515625 0.0515625
1 0.38359375 0.6421875 0.02265625 0.034375
1 0.4875 0.59140625 0.0203125 0.02734375
1 0.3609375 0.7140625 0.0234375 0.02265625
1 0.440625 0.70390625 0.02578125 0.0375
1 0.45546875 0.7703125 0.03828125 0.04140625
1 0.41953125 0.8171875 0.0328125 0.04765625
1 0.5046875 0.1484375 0.0765625 0.0765625
1 0.534375 0.21015625 0.0359375 0.04140625
1 0.50234375 0.2953125 0.034375 0.0421875
1 0.471875 0.3265625 0.0421875 0.0546875
1 0.5578125 0.4171875 0.02890625 0.03828125
1 0.57890625 0.453125 0.03515625 0.0359375
1 0.51796875 0.534375 0.059375 0.0734375
1 0.5015625 0.64296875 0.0734375 0.071875
1 0.56640625 0.72578125 0.0265625 0.02890625
1 0.54765625 0.75234375 0.01796875 0.021875
1 0.59921875 0.80859375 0.01875 0.02578125
1 0.51015625 0.84296875 0.04140625 0.05234375
1 0.63125 0.5984375 0.0828125 0.109375
1 0.67734375 0.5078125 0.07265625 0.1140625
1 0.78984375 0.4734375 0.06640625 0.0984375
1 0.75546875 0.52890625 0.06796875 0.10703125
1 0.7078125 0.540625 0.01875 0.02421875
1 0.7171875 0.346875 0.03515625 0.05390625
1 0.79375 0.27265625 0.0640625 0.065625
1 0.90546875 0.14375 0.0484375 0.05859375
1 0.8015625 0.1984375 0.06484375 0.06328125
1 0.7921875 0.02109375 0.059375 0.0421875
1 0.82578125 0.65234375 0.07578125 0.05859375
1 0.778125 0.71875 0.07265625 0.06875
1 0.81953125 0.5421875 0.03359375 0.07109375
1 0.8796875 0.21875 0.0359375 0.0359375
1 0.9484375 0.1625 0.03671875 0.04765625
1 0.0328125 0.45859375 0.05859375 0.07734375
1 0.01953125 0.5046875 0.0390625 0.075
1 0.1296875 0.39453125 0.04296875 0.05234375
1 0.1546875 0.43359375 0.05 0.07890625
1 0.1484375 0.48515625 0.02734375 0.0375
1 0.22421875 0.51875 0.0703125 0.04140625
1 0.20859375 0.47890625 0.07734375 0.03828125
1 0.20390625 0.42734375 0.07890625 0.046875
1 0.09921875 0.734375 0.02421875 0.028125
1 0.00859375 0.6875 0.0171875 0.0375
1 0.346875 0.42421875 0.0171875 0.0296875
1 0.2328125 0.04140625 0.03671875 0.0421875
1 0.1734375 0.1375 0.0328125 0.0421875
1 0.16953125 0.22734375 0.0265625 0.0390625
1 0.1703125 0.31796875 0.0265625 0.034375
1 0.859375 0.02421875 0.0296875 0.0484375
1 0.31875 0.12734375 0.0171875 0.02734375
1 0.2734375 0.153125 0.0140625 0.02265625
1 0.09375 0.378125 0.01953125 0.025