1 0.0421875 0.24765625 0.0546875 0.05625
1 0.11015625 0.43515625 0.046875 0.0515625
1 0.021875 0.49609375 0.04375 0.0609375
1 0.2140625 0.16796875 0.0296875 0.053125
1 0.225 0.075 0.034375 0.053125
1 0.2765625 0.0828125 0.04375 0.040625
1 0.29921875 0.11171875 0.0484375 0.0421875
1 0.38671875 0.115625 0.0390625 0.059375
1 0.45234375 0.103125 0.040625 0.0453125
1 0.4140625 0.21015625 0.0421875 0.0515625
1 0.2546875 0.29921875 0.0484375 0.0546875
1 0.30703125 0.33125 0.071875 0.0828125
1 0.25703125 0.359375 0.0625 0.0765625
1 0.0953125 0.375 0.0375 0.0484375
1 0.040625 0.5421875 0.0453125 0.053125
1 0.175 0.6140625 0.0765625 0.0859375
1 0.09296875 0.69375 0.0390625 0.0359375
1 0.1125 0.71875 0.0265625 0.0390625
1 0.08203125 0.7625 0.040625 0.0390625
1 0.11328125 0.86171875 0.06875 0.06875
1 0.18515625 0.93125 0.05 0.0578125
1 0.20234375 0.515625 0.1609375 0.140625
1 0.25625 0.61328125 0.1390625 0.178125
1 0.41640625 0.39140625 0.084375 0.1234375
1 0.38359375 0.44140625 0.05625 0.0953125
1 0.453125 0.2125 0.0421875 0.0625
1 0.4734375 0.234375 0.053125 0.0609375
1 0.54375 0.27109375 0.046875 0.0640625
1 0.5640625 0.31640625 0.0453125 0.05
1 0.5234375 0.3546875 0.04375 0.0640625
1 0.4625 0.3984375 0.04375 0.0765625
1 0.5015625 0.39765625 0.0359375 0.05625
1 0.47265625 0.475 0.046875 0.0640625
1 0.4515625 0.50859375 0.04375 0.0390625
1 0.434375 0.5296875 0.0421875 0.034375
1 0.4390625 0.5796875 0.0859375 0.0796875
1 0.39140625 0.5609375 0.0828125 0.0828125
1 0.45703125 0.62890625 0.0234375 0.0234375
1 0.55234375 0.57890625 0.0140625 0.01875
1 0.5609375 0.734375 0.0359375 0.0484375
1 0.57734375 0.671875 0.03125 0.0359375
1 0.584375 0.6265625 0.0203125 0.0265625
1 0.64375 0.68046875 0.0515625 0.05625
1 0.62578125 0.7953125 0.065625 0.075
1 0.5640625 0.4375 0.0390625 0.0546875
1 0.61015625 0.33203125 0.03125 0.0421875
1 0.5890625 0.21875 0.015625 0.0203125
1 0.54296875 0.1828125 0.0984375 0.1328125
1 0.48359375 0.1265625 0.0640625 0.071875
1 0.4671875 0.0234375 0.0375 0.046875
1 0.60859375 0.0828125 0.0671875 0.1125
1 0.6484375 0.05078125 0.04375 0.0671875
1 0.67890625 0.46484375 0.0515625 0.11875
1 0.7296875 0.5421875 0.03125 0.040625
1 0.76953125 0.54140625 0.0578125 0.059375
1 0.828125 0.54453125 0.0484375 0.0625
1 0.80703125 0.65625 0.0265625 0.028125
1 0.821875 0.690625 0.0234375 0.028125
1 0.8203125 0.746875 0.021875 0.021875
1 0.85 0.784375 0.028125 0.034375
1 0.79140625 0.85703125 0.0296875 0.0390625
1 0.8875 0.7375 0.025 0.034375
1 0.89296875 0.76171875 0.03125 0.025
1 0.90390625 0.66953125 0.0328125 0.0453125
1 0.8734375 0.62265625 0.01875 0.025
1 0.7890625 0.42734375 0.021875 0.028125
1 0.78046875 0.35390625 0.025 0.03125
1 0.834375 0.42109375 0.0421875 0.0390625
1 0.85859375 0.4890625 0.040625 0.0390625
1 0.90546875 0.5421875 0.0328125 0.03125
1 0.865625 0.59140625 0.0296875 0.0421875
1 0.88984375 0.5828125 0.0359375 0.0453125
1 0.82578125 0.0546875 0.075 0.08125
1 0.86796875 0.09375 0.0453125 0.0421875
1 0.83828125 0.11328125 0.0328125 0.0453125
1 0.8296875 0.16484375 0.05625 0.0640625
1 0.8875 0.16796875 0.053125 0.065625
1 0.87890625 0.24296875 0.0453125 0.0390625
1 0.87109375 0.2890625 0.05 0.0515625
1 0.94375 0.2625 0.05 0.0625
1 0.92109375 0.12109375 0.021875 0.025
1 0.88046875 0.0328125 0.0140625 0.01875
1 0.90625 0.06171875 0.0359375 0.04375
1 0.875 0.0109375 0.03125 0.021875
1 0.8296875 0.01171875 0.08125 0.0234375
1 0.7296875 0.61328125 0.0203125 0.0265625
1 0.91875 0.34765625 0.0671875 0.0578125
1 0.8984375 0.38671875 0.05 0.0390625
1 0.91875 0.42265625 0.0328125 0.0359375
1 0.925 0.4921875 0.0390625 0.040625
1 0.91875 0.5234375 0.0203125 0.0296875
1 0.9140625 0.58828125 0.021875 0.03125
1 0.9109375 0.6296875 0.028125 0.0328125
1 0.946875 0.36953125 0.03125 0.075
1 0.953125 0.40078125 0.046875 0.1125