1 0.66171875 0.021875 0.065625 0.0390625
1 0.63203125 0.10546875 0.04375 0.0578125
1 0.58984375 0.11171875 0.0390625 0.046875
1 0.54765625 0.18671875 0.0375 0.034375
1 0.58984375 0.21796875 0.0359375 0.0453125
1 0.63671875 0.303125 0.034375 0.0375
1 0.51640625 0.50546875 0.0359375 0.05
1 0.5625 0.56484375 0.0328125 0.05
1 0.8296875 0.5140625 0.09375 0.1453125
1 0.96328125 0.32890625 0.0640625 0.05
1 0.9375 0.1140625 0.0734375 0.0609375
1 0.5109375 0.825 0.08125 0.10625
1 0.471875 0.76328125 0.0421875 0.04375
1 0.47890625 0.63828125 0.0546875 0.065625
1 0.53828125 0.565625 0.0328125 0.05
1 0.44375 0.7203125 0.0546875 0.0625
1 0.3703125 0.7875 0.0734375 0.0671875
1 0.390625 0.68203125 0.03125 0.0296875
1 0.403125 0.7171875 0.0265625 0.0234375
1 0.4296875 0.6140625 0.028125 0.0265625
1 0.40859375 0.584375 0.0265625 0.0328125
1 0.41640625 0.48828125 0.028125 0.0296875
1 0.434375 0.5203125 0.0203125 0.0234375
1 0.45078125 0.54453125 0.0171875 0.021875
1 0.4734375 0.53984375 0.0234375 0.021875
1 0.49375 0.5046875 0.0234375 0.0296875
1 0.42578125 0.378125 0.028125 0.0296875
1 0.47890625 0.4125 0.0265625 0.028125
1 0.4421875 0.39765625 0.028125 0.0203125
1 0.446875 0.2890625 0.021875 0.0359375
1 0.48203125 0.296875 0.0234375 0.0234375
1 0.46484375 0.225 0.021875 0.0203125
1 0.45 0.2109375 0.015625 0.0171875
1 0.45546875 0.1578125 0.08125 0.125
1 0.26875 0.246875 0.053125 0.0921875
1 0.30546875 0.21484375 0.0265625 0.0375
1 0.3390625 0.23046875 0.028125 0.0296875
1 0.38671875 0.2453125 0.025 0.0375
1 0.39765625 0.33359375 0.0234375 0.0375
1 0.35 0.31875 0.0203125 0.01875
1 0.33515625 0.3609375 0.028125 0.03125
1 0.3265625 0.4609375 0.0171875 0.01875
1 0.36328125 0.5640625 0.0203125 0.0265625
1 0.2453125 0.48046875 0.0296875 0.03125
1 0.24375 0.53125 0.034375 0.0796875
1 0.30078125 0.628125 0.025 0.0578125
1 0.22734375 0.7546875 0.0390625 0.075
1 0.2734375 0.80234375 0.05625 0.084375
1 0.20078125 0.31875 0.0203125 0.0265625
1 0.30078125 0.26796875 0.009375 0.0171875
1 0.29375 0.28359375 0.0109375 0.01875
1 0.18203125 0.3953125 0.0140625 0.01875
1 0.1625 0.45546875 0.01875 0.0453125
1 0.1703125 0.4140625 0.0296875 0.046875
1 0.146875 0.49921875 0.0203125 0.0234375
1 0.14296875 0.52734375 0.021875 0.021875
1 0.09140625 0.52734375 0.0140625 0.01875
1 0.0984375 0.4875 0.0078125 0.0203125
1 0.10703125 0.46171875 0.0171875 0.040625
1 0.08515625 0.49453125 0.025 0.0421875
1 0.06328125 0.50234375 0.015625 0.0234375
1 0.03828125 0.53046875 0.0203125 0.021875
1 0.0515625 0.5640625 0.0125 0.01875