1 0.534375 0.14921875 0.0609375 0.07890625
1 0.55078125 0.19140625 0.02265625 0.0359375
1 0.55390625 0.240625 0.0765625 0.06796875
1 0.48515625 0.26875 0.02734375 0.02265625
1 0.4953125 0.2921875 0.02109375 0.02265625
1 0.51796875 0.27578125 0.021875 0.03046875
1 0.52109375 0.32265625 0.065625 0.06328125
1 0.73828125 0.134375 0.02109375 0.03671875
1 0.78125 0.20859375 0.0265625 0.03984375
1 0.7734375 0.271875 0.0203125 0.028125
1 0.6625 0.21796875 0.0953125 0.12109375
1 0.64140625 0.29765625 0.1 0.13046875
1 0.63515625 0.3625 0.1234375 0.0703125
1 0.54296875 0.40703125 0.046875 0.046875
1 0.52109375 0.3875 0.0265625 0.02421875
1 0.4828125 0.35859375 0.01875 0.0203125
1 0.60546875 0.45859375 0.10703125 0.11171875
1 0.44609375 0.39375 0.03359375 0.06484375
1 0.46796875 0.3984375 0.02421875 0.04921875
1 0.4421875 0.46953125 0.03046875 0.046875
1 0.40234375 0.43359375 0.03359375 0.053125
1 0.36015625 0.44609375 0.03203125 0.034375
1 0.38359375 0.5546875 0.04921875 0.04296875
1 0.50390625 0.5890625 0.04765625 0.04296875
1 0.5796875 0.52421875 0.01953125 0.0140625
1 0.56640625 0.57265625 0.090625 0.0703125
1 0.73203125 0.5328125 0.03359375 0.04375
1 0.7234375 0.49375 0.01875 0.03359375
1 0.8 0.48515625 0.01953125 0.02421875
1 0.55 0.66796875 0.0546875 0.11953125
1 0.58515625 0.690625 0.02578125 0.03203125
1 0.56796875 0.628125 0.02890625 0.0296875
1 0.77734375 0.678125 0.08046875 0.090625
1 0.73515625 0.625 0.0234375 0.0296875
1 0.73046875 0.6859375 0.01875 0.02109375
1 0.8375 0.7234375 0.0234375 0.02578125
1 0.8265625 0.425 0.04140625 0.0671875
1 0.85703125 0.4078125 0.0328125 0.05078125
1 0.84375 0.4921875 0.03984375 0.046875
1 0.86015625 0.53359375 0.06328125 0.03671875
1 0.87421875 0.57421875 0.0703125 0.04375
1 0.8984375 0.5953125 0.0421875 0.04453125
1 0.90703125 0.625 0.02109375 0.0234375
1 0.92890625 0.6578125 0.0453125 0.07734375
1 0.9375 0.5515625 0.03984375 0.0453125
1 0.971875 0.509375 0.04140625 0.05390625
1 0.9734375 0.47421875 0.02109375 0.02421875
1 0.98984375 0.52578125 0.0203125 0.03359375
1 0.95546875 0.58125 0.01796875 0.01640625
1 0.9734375 0.671875 0.0109375 0.0140625
1 0.9328125 0.70625 0.0171875 0.015625
1 0.9296875 0.753125 0.01328125 0.01171875
1 0.9125 0.790625 0.015625 0.0171875
1 0.6734375 0.7375 0.01796875 0.021875
1 0.6515625 0.83203125 0.01171875 0.0125
1 0.66171875 0.85625 0.0125 0.01875
1 0.4125 0.66484375 0.025 0.028125
1 0.42578125 0.68515625 0.03359375 0.03203125
1 0.39609375 0.69375 0.01171875 0.02109375
1 0.4265625 0.75546875 0.059375 0.0546875
1 0.4484375 0.79296875 0.01328125 0.0171875
1 0.4203125 0.82265625 0.01484375 0.02109375
1 0.4875 0.659375 0.06875 0.09375
1 0.34375 0.75390625 0.04921875 0.04296875
1 0.3625 0.80234375 0.04765625 0.0625
1 0.38515625 0.77265625 0.01171875 0.01796875
1 0.3203125 0.7078125 0.01796875 0.02109375
1 0.353125 0.6515625 0.02109375 0.02265625
1 0.31796875 0.54453125 0.0234375 0.02421875
1 0.25546875 0.56171875 0.01796875 0.02578125
1 0.2796875 0.68984375 0.01796875 0.021875
1 0.296875 0.6796875 0.01171875 0.01640625
1 0.2234375 0.66171875 0.01875 0.01953125
1 0.18984375 0.746875 0.02109375 0.02890625
1 0.16640625 0.57265625 0.01640625 0.021875
1 0.13671875 0.56640625 0.0140625 0.021875
1 0.22734375 0.51875 0.03828125 0.0390625
1 0.2375 0.54453125 0.01796875 0.01171875
1 0.259375 0.46328125 0.07265625 0.04765625
1 0.2890625 0.42578125 0.0375 0.0421875
1 0.23828125 0.4078125 0.06171875 0.05859375
1 0.2734375 0.35234375 0.078125 0.08203125
1 0.21953125 0.340625 0.03828125 0.065625
1 0.21875 0.278125 0.03515625 0.03046875
1 0.1796875 0.30234375 0.02109375 0.0328125
1 0.20234375 0.2984375 0.02265625 0.0171875
1 0.15234375 0.30546875 0.02421875 0.028125
1 0.13515625 0.3859375 0.06640625 0.1125
1 0.19375 0.42734375 0.0546875 0.08828125
1 0.175 0.37890625 0.01796875 0.0234375
1 0.19375 0.4734375 0.08125 0.059375
1 0.265625 0.503125 0.015625 0.0203125
1 0.08515625 0.51875 0.0171875 0.05703125
1 0.08203125 0.465625 0.025 0.034375
1 0.06328125 0.39921875 0.03046875 0.06953125
1 0.0875 0.35703125 0.06328125 0.03828125
1 0.06875 0.3421875 0.03046875 0.0234375
1 0.025 0.5203125 0.0171875 0.0203125
1 0.01328125 0.50546875 0.02421875 0.03671875
1 0.00546875 0.5734375 0.0109375 0.0375
1 0.03203125 0.653125 0.0453125 0.03828125
1 0.090625 0.61328125 0.02265625 0.02109375
1 0.078125 0.628125 0.01171875 0.01015625
1 0.08984375 0.66640625 0.0734375 0.08984375
1 0.11796875 0.6875 0.05 0.06015625
1 0.17578125 0.16484375 0.04921875 0.0453125
1 0.2078125 0.17734375 0.0171875 0.021875
1 0.36171875 0.253125 0.0234375 0.021875
1 0.13671875 0.19296875 0.01171875 0.0171875
1 0.1234375 0.22421875 0.02578125 0.02734375
1 0.11171875 0.18671875 0.01875 0.025
1 0.071875 0.20625 0.0375 0.071875