1 0.47421875 0.6140625 0.125 0.1328125
1 0.4734375 0.4375 0.1375 0.146875
1 0.46328125 0.31875 0.128125 0.1296875
1 0.425 0.22890625 0.03125 0.05
1 0.421875 0.13515625 0.028125 0.046875
1 0.46328125 0.09296875 0.034375 0.03125
1 0.39296875 0.07890625 0.03125 0.059375
1 0.36015625 0.0203125 0.025 0.040625
1 0.27109375 0.16484375 0.0453125 0.096875
1 0.37890625 0.26640625 0.059375 0.121875
1 0.33671875 0.26796875 0.0296875 0.0359375
1 0.33671875 0.3125 0.0203125 0.0265625
1 0.38984375 0.39921875 0.03125 0.046875
1 0.275 0.56484375 0.0125 0.025
1 0.2640625 0.58671875 0.015625 0.025
1 0.3421875 0.58671875 0.071875 0.146875
1 0.3796875 0.64453125 0.05 0.096875
1 0.403125 0.7 0.015625 0.01875
1 0.37734375 0.75703125 0.015625 0.01875
1 0.140625 0.665625 0.0421875 0.053125
1 0.0734375 0.72890625 0.04375 0.053125
1 0.05078125 0.56640625 0.04375 0.078125
1 0.00859375 0.546875 0.0171875 0.0546875
1 0.0171875 0.4734375 0.034375 0.0546875
1 0.140625 0.4203125 0.0203125 0.0359375
1 0.18125 0.4359375 0.028125 0.028125
1 0.221875 0.36328125 0.025 0.0390625
1 0.25390625 0.3484375 0.021875 0.028125
1 0.25078125 0.2625 0.025 0.034375
1 0.0390625 0.37265625 0.04375 0.03125
1 0.00625 0.334375 0.0125 0.04375
1 0.04921875 0.225 0.0171875 0.0328125
1 0.0109375 0.28125 0.021875 0.025