1 0.46875 0.11484375 0.0578125 0.084375
1 0.48125 0.2046875 0.0609375 0.0953125
1 0.33203125 0.0953125 0.0640625 0.05625
1 0.20859375 0.028125 0.0828125 0.04375
1 0.20546875 0.0078125 0.0765625 0.015625
1 0.11484375 0.0703125 0.0453125 0.05
1 0.228125 0.16484375 0.0765625 0.084375
1 0.36328125 0.22421875 0.071875 0.1
1 0.421875 0.2546875 0.0609375 0.0890625
1 0.55234375 0.36015625 0.1015625 0.090625
1 0.58046875 0.46015625 0.0515625 0.05
1 0.31953125 0.33125 0.121875 0.103125
1 0.378125 0.40546875 0.0296875 0.0171875
1 0.5421875 0.4296875 0.046875 0.059375
1 0.678125 0.359375 0.040625 0.0421875
1 0.72421875 0.4625 0.0375 0.05
1 0.65390625 0.26484375 0.0515625 0.0421875
1 0.64296875 0.34765625 0.021875 0.0296875
1 0.27734375 0.44609375 0.04375 0.0375
1 0.4234375 0.48046875 0.059375 0.04375
1 0.57421875 0.7484375 0.0953125 0.1265625
1 0.57890625 0.61640625 0.0484375 0.0546875
1 0.7828125 0.7625 0.103125 0.059375
1 0.72109375 0.79296875 0.0296875 0.034375
1 0.76640625 0.8359375 0.078125 0.075
1 0.725 0.875 0.08125 0.0765625
1 0.76015625 0.95859375 0.0328125 0.04375
1 0.859375 0.95234375 0.0453125 0.078125
1 0.88671875 0.89453125 0.0546875 0.05
1 0.84765625 0.67578125 0.0734375 0.075
1 0.8546875 0.60625 0.0734375 0.059375
1 0.94921875 0.459375 0.1015625 0.171875
1 0.725 0.61640625 0.046875 0.096875
1 0.76328125 0.5890625 0.03125 0.1140625
1 0.79296875 0.503125 0.03125 0.071875
1 0.8234375 0.48828125 0.05 0.0484375
1 0.828125 0.38984375 0.096875 0.0640625
1 0.840625 0.41953125 0.05 0.0390625
1 0.2890625 0.5453125 0.040625 0.046875
1 0.334375 0.59609375 0.0359375 0.0578125
1 0.34921875 0.63359375 0.0453125 0.059375
1 0.328125 0.67578125 0.0484375 0.0390625
1 0.446875 0.765625 0.0328125 0.0328125
1 0.12890625 0.7328125 0.040625 0.03125
1 0.14765625 0.75859375 0.0375 0.028125
1 0.15546875 0.4546875 0.03125 0.0390625
1 0.18203125 0.503125 0.0359375 0.025
1 0.24453125 0.5234375 0.0359375 0.053125
1 0.08359375 0.52421875 0.0421875 0.04375
1 0.07734375 0.43359375 0.0390625 0.040625
1 0.03359375 0.353125 0.0265625 0.0375
1 0.125 0.3609375 0.0265625 0.0234375
1 0.13984375 0.18671875 0.0484375 0.0578125
1 0.24375 0.3171875 0.0546875 0.0421875
1 0.29375 0.2234375 0.04375 0.04375
1 0.4 0.16875 0.0453125 0.0484375
1 0.3203125 0.15234375 0.025 0.0296875
1 0.61171875 0.4765625 0.0328125 0.0265625
1 0.50703125 0.55625 0.0140625 0.01875
1 0.5140625 0.63203125 0.0140625 0.0203125
1 0.00625 0.63046875 0.0125 0.0390625
1 0.01953125 0.6734375 0.021875 0.034375
1 0.0109375 0.6984375 0.021875 0.01875
1 0.01015625 0.765625 0.0203125 0.04375
1 0.06640625 0.74375 0.028125 0.059375