1 0.70234375 0.07265625 0.0421875 0.0515625
1 0.7734375 0.18203125 0.046875 0.0625
1 0.76328125 0.28515625 0.053125 0.053125
1 0.8125 0.32421875 0.0359375 0.0328125
1 0.6609375 0.37109375 0.04375 0.0515625
1 0.7046875 0.4484375 0.034375 0.046875
1 0.821875 0.48203125 0.0515625 0.046875
1 0.82578125 0.7390625 0.0640625 0.075
1 0.7078125 0.68125 0.065625 0.084375
1 0.64375 0.41640625 0.053125 0.0546875
1 0.5953125 0.4921875 0.0609375 0.0640625
1 0.33671875 0.34453125 0.0484375 0.059375
1 0.1953125 0.246875 0.0625 0.0734375
1 0.2671875 0.4171875 0.0390625 0.0390625
1 0.4796875 0.39296875 0.05 0.05625
1 0.48828125 0.43359375 0.0375 0.053125
1 0.51640625 0.44609375 0.03125 0.040625
1 0.2234375 0.68515625 0.034375 0.03125
1 0.32890625 0.69453125 0.0625 0.0609375
1 0.4765625 0.7828125 0.0546875 0.0484375
1 0.61875 0.72265625 0.03125 0.0328125
1 0.64765625 0.76328125 0.0375 0.0296875
1 0.6609375 0.65 0.0515625 0.0625
1 0.15859375 0.12890625 0.0765625 0.1234375
1 0.109375 0.33046875 0.0796875 0.15625
1 0.0359375 0.46875 0.0640625 0.134375
1 0.0625 0.18125 0.0484375 0.09375
1 0.13984375 0.01640625 0.0546875 0.0328125
1 0.16171875 0.009375 0.0328125 0.01875
1 0.16953125 0.02421875 0.0328125 0.0375
1 0.16875 0.06171875 0.034375 0.0421875
1 0.12890625 0.2109375 0.025 0.03125
1 0.865625 0.3171875 0.03125 0.0390625
1 0.86484375 0.2875 0.034375 0.0359375
1 0.93125 0.18125 0.0296875 0.034375
1 0.9765625 0.1890625 0.0234375 0.028125
1 0.9828125 0.165625 0.028125 0.0328125
1 0.98203125 0.07890625 0.0328125 0.05
1 0.99609375 0.1609375 0.0078125 0.0375
1 0.878125 0.34296875 0.0390625 0.0328125
1 0.946875 0.4234375 0.0328125 0.03125
1 0.98359375 0.48828125 0.028125 0.03125
1 0.94921875 0.5046875 0.03125 0.0359375
1 0.971875 0.58046875 0.028125 0.0328125
1 0.975 0.63671875 0.0265625 0.03125
1 0.909375 0.4609375 0.06875 0.125
1 0.96015625 0.321875 0.0671875 0.103125
1 0.965625 0.4234375 0.06875 0.103125
1 0.98828125 0.37890625 0.0234375 0.0671875