1 0.7578125 0.065625 0.071875 0.0515625
1 0.7109375 0.14140625 0.0546875 0.065625
1 0.66875 0.1390625 0.0484375 0.053125
1 0.61171875 0.203125 0.04375 0.0421875
1 0.646875 0.24296875 0.0453125 0.0515625
1 0.675 0.3359375 0.040625 0.04375
1 0.51484375 0.509375 0.0453125 0.05625
1 0.546875 0.5765625 0.0421875 0.0546875
1 0.81953125 0.5828125 0.1203125 0.1609375
1 0.97578125 0.428125 0.0484375 0.0625
1 0.9828125 0.21328125 0.034375 0.0734375
1 0.44296875 0.8203125 0.1 0.1203125
1 0.41796875 0.75234375 0.05 0.0515625
1 0.45078125 0.63046875 0.065625 0.075
1 0.5234375 0.571875 0.0421875 0.05625
1 0.39921875 0.70390625 0.0671875 0.071875
1 0.31328125 0.75390625 0.084375 0.08125
1 0.35546875 0.6546875 0.0375 0.0359375
1 0.36015625 0.6921875 0.03125 0.028125
1 0.4078125 0.59765625 0.0328125 0.03125
1 0.39296875 0.56328125 0.0328125 0.0375
1 0.42109375 0.47109375 0.0328125 0.034375
1 0.43125 0.50546875 0.0234375 0.0265625
1 0.44296875 0.53359375 0.021875 0.025
1 0.465625 0.53359375 0.0265625 0.0265625
1 0.49296875 0.503125 0.0296875 0.034375
1 0.45234375 0.365625 0.034375 0.034375
1 0.49765625 0.409375 0.03125 0.0328125
1 0.46484375 0.3875 0.03125 0.025
1 0.49140625 0.28203125 0.0296875 0.040625
1 0.52421875 0.296875 0.0265625 0.0265625
1 0.52265625 0.22421875 0.0265625 0.025
1 0.51171875 0.20703125 0.01875 0.0203125
1 0.52734375 0.15625 0.1046875 0.1375
1 0.32578125 0.20390625 0.0703125 0.1
1 0.36953125 0.18046875 0.0328125 0.0421875
1 0.3984375 0.203125 0.034375 0.0359375
1 0.4421875 0.22734375 0.03125 0.040625
1 0.434375 0.315625 0.03125 0.0421875
1 0.39140625 0.29140625 0.0234375 0.0234375
1 0.36796875 0.3296875 0.034375 0.0359375
1 0.33828125 0.42578125 0.0203125 0.021875
1 0.35234375 0.534375 0.025 0.0296875
1 0.25546875 0.428125 0.0359375 0.0359375
1 0.24296875 0.47734375 0.05 0.084375
1 0.27890625 0.58359375 0.0359375 0.0609375
1 0.18046875 0.6921875 0.053125 0.08125
1 0.215625 0.7484375 0.0734375 0.09375
1 0.2453125 0.2609375 0.025 0.0296875
1 0.35390625 0.23125 0.0125 0.0171875
1 0.34296875 0.2453125 0.0140625 0.0203125
1 0.2109375 0.33125 0.0171875 0.0203125
1 0.17890625 0.38671875 0.028125 0.046875
1 0.1953125 0.346875 0.0375 0.0515625
1 0.1546875 0.42578125 0.025 0.0265625
1 0.1453125 0.45234375 0.0265625 0.025
1 0.09453125 0.44140625 0.0171875 0.021875
1 0.11015625 0.4046875 0.0125 0.021875
1 0.1234375 0.38125 0.0265625 0.04375
1 0.0953125 0.4078125 0.0328125 0.0453125
1 0.071875 0.41171875 0.0203125 0.0265625
1 0.0421875 0.43359375 0.0234375 0.025
1 0.0484375 0.46953125 0.015625 0.0203125