1 0.26796875 0.08046875 0.0484375 0.0484375
1 0.25546875 0.16640625 0.04375 0.05
1 0.3078125 0.0390625 0.0328125 0.028125
1 0.45546875 0.0921875 0.0640625 0.08125
1 0.56328125 0.15625 0.084375 0.1109375
1 0.93203125 0.1828125 0.0421875 0.0484375
1 0.92421875 0.24296875 0.0296875 0.0421875
1 0.96640625 0.24453125 0.0265625 0.021875
1 0.92734375 0.3265625 0.0328125 0.0390625
1 0.92734375 0.40625 0.034375 0.040625
1 0.9203125 0.5171875 0.053125 0.0625
1 0.91953125 0.62734375 0.021875 0.0265625
1 0.9828125 0.478125 0.01875 0.0265625
1 0.84921875 0.6015625 0.1015625 0.1203125
1 0.684375 0.59609375 0.0953125 0.11875
1 0.46953125 0.27265625 0.0421875 0.04375
1 0.4640625 0.23046875 0.0171875 0.0171875
1 0.45078125 0.16484375 0.0265625 0.025
1 0.47109375 0.1515625 0.0203125 0.0265625
1 0.4546875 0.14375 0.0171875 0.0203125
1 0.5578125 0.22890625 0.0265625 0.034375
1 0.58671875 0.22890625 0.0203125 0.0234375
1 0.60390625 0.3359375 0.01875 0.01875
1 0.61953125 0.3421875 0.0203125 0.0234375
1 0.58203125 0.4578125 0.0234375 0.025
1 0.59921875 0.43671875 0.0234375 0.021875
1 0.5296875 0.39453125 0.0203125 0.028125
1 0.525 0.3734375 0.01875 0.025
1 0.4953125 0.353125 0.0203125 0.0296875
1 0.37578125 0.41015625 0.0203125 0.015625
1 0.37734375 0.4265625 0.025 0.0203125
1 0.428125 0.47578125 0.021875 0.01875
1 0.44140625 0.465625 0.0234375 0.0171875
1 0.49453125 0.5015625 0.0140625 0.0203125
1 0.50390625 0.50703125 0.0140625 0.025
1 0.515625 0.515625 0.01875 0.021875
1 0.4796875 0.54296875 0.0140625 0.0265625
1 0.49296875 0.55 0.0140625 0.01875
1 0.52109375 0.553125 0.021875 0.021875
1 0.60625 0.58125 0.0140625 0.01875
1 0.62890625 0.6140625 0.0171875 0.01875
1 0.46953125 0.60546875 0.0140625 0.0265625
1 0.4703125 0.6265625 0.0234375 0.021875
1 0.453125 0.62890625 0.01875 0.0234375
1 0.55078125 0.64921875 0.021875 0.025
1 0.559375 0.66953125 0.015625 0.025
1 0.47421875 0.690625 0.0125 0.01875
1 0.540625 0.73671875 0.01875 0.015625
1 0.51953125 0.76328125 0.015625 0.01875
1 0.55078125 0.80703125 0.0171875 0.0203125
1 0.47890625 0.8265625 0.0171875 0.021875
1 0.4453125 0.7703125 0.0171875 0.015625
1 0.40703125 0.78203125 0.015625 0.0171875
1 0.30546875 0.39609375 0.0375 0.03125
1 0.36484375 0.1921875 0.1703125 0.190625
1 0.534375 0.3015625 0.1 0.1359375
1 0.425 0.53671875 0.0265625 0.0375
1 0.36328125 0.50078125 0.025 0.0265625
1 0.38828125 0.51328125 0.0125 0.015625
1 0.3890625 0.484375 0.01875 0.0328125
1 0.33046875 0.60703125 0.0109375 0.015625
1 0.153125 0.53359375 0.01875 0.028125