1 0.8546875 0.19296875 0.0875 0.096875
1 0.78984375 0.37890625 0.046875 0.0859375
1 0.84765625 0.3921875 0.065625 0.0765625
1 0.82421875 0.4515625 0.05 0.0453125
1 0.94453125 0.4265625 0.0484375 0.0671875
1 0.98984375 0.21640625 0.0203125 0.1015625
1 0.88203125 0.4546875 0.03125 0.046875
1 0.85859375 0.49453125 0.0546875 0.0265625
1 0.8703125 0.534375 0.040625 0.0265625
1 0.91328125 0.57578125 0.075 0.065625
1 0.67265625 0.1015625 0.0421875 0.0359375
1 0.59765625 0.103125 0.090625 0.075
1 0.65703125 0.2015625 0.04375 0.0390625
1 0.6890625 0.29140625 0.040625 0.0390625
1 0.6578125 0.32109375 0.0515625 0.0421875
1 0.6703125 0.38515625 0.0328125 0.0265625
1 0.634375 0.48828125 0.0234375 0.0328125
1 0.6578125 0.48984375 0.0265625 0.0359375
1 0.7046875 0.59765625 0.0328125 0.040625
1 0.62890625 0.5375 0.015625 0.0203125
1 0.66953125 0.54296875 0.01875 0.0171875
1 0.71328125 0.64375 0.01875 0.0171875
1 0.75703125 0.653125 0.0140625 0.0140625
1 0.77734375 0.6515625 0.0140625 0.015625
1 0.7703125 0.69921875 0.015625 0.0234375
1 0.81328125 0.70859375 0.028125 0.028125
1 0.81796875 0.584375 0.040625 0.05
1 0.78515625 0.5421875 0.0421875 0.0375
1 0.834375 0.6171875 0.028125 0.0203125
1 0.84296875 0.7171875 0.015625 0.021875
1 0.50390625 0.20625 0.0421875 0.0546875
1 0.49765625 0.26875 0.034375 0.0609375
1 0.50703125 0.4 0.0375 0.040625
1 0.56796875 0.37578125 0.0328125 0.0453125
1 0.58125 0.26640625 0.0234375 0.0375
1 0.59375 0.3921875 0.0171875 0.0234375
1 0.553125 0.42265625 0.015625 0.0234375
1 0.5015625 0.44921875 0.040625 0.0390625
1 0.453125 0.4921875 0.0265625 0.0359375
1 0.496875 0.59609375 0.0546875 0.084375
1 0.52109375 0.6484375 0.0328125 0.046875
1 0.4703125 0.6359375 0.059375 0.084375
1 0.4109375 0.61953125 0.0625 0.0828125
1 0.36640625 0.684375 0.0640625 0.1
1 0.475 0.78515625 0.065625 0.0546875
1 0.51328125 0.73671875 0.065625 0.0390625
1 0.296875 0.3125 0.0609375 0.053125
1 0.31953125 0.3671875 0.03125 0.0328125
1 0.284375 0.43203125 0.028125 0.034375
1 0.25 0.45 0.0375 0.0484375
1 0.3171875 0.5328125 0.0296875 0.025
1 0.33359375 0.5671875 0.028125 0.0328125
1 0.2703125 0.628125 0.0546875 0.0625
1 0.25546875 0.571875 0.0125 0.0234375
1 0.24375 0.725 0.071875 0.06875
1 0.3015625 0.8 0.0265625 0.028125
1 0.2765625 0.821875 0.0125 0.01875
1 0.32109375 0.8734375 0.0125 0.01875
1 0.23046875 0.9140625 0.0390625 0.0421875
1 0.20703125 0.31171875 0.046875 0.034375
1 0.22734375 0.3453125 0.028125 0.0359375
1 0.146875 0.421875 0.0390625 0.04375
1 0.2140625 0.46796875 0.0375 0.034375
1 0.234375 0.57734375 0.0359375 0.040625
1 0.1453125 0.56015625 0.0359375 0.0421875
1 0.12265625 0.615625 0.025 0.0265625
1 0.153125 0.6375 0.03125 0.0453125
1 0.18203125 0.6265625 0.0171875 0.0171875
1 0.23984375 0.67578125 0.025 0.0234375
1 0.12734375 0.721875 0.0265625 0.03125
1 0.17265625 0.78203125 0.0265625 0.0296875
1 0.184375 0.8421875 0.040625 0.0453125
1 0.13984375 0.8921875 0.0390625 0.046875
1 0.08984375 0.79140625 0.0171875 0.01875
1 0.0515625 0.16875 0.0375 0.0328125