1 0.48046875 0.14609375 0.0421875 0.0390625
1 0.50546875 0.1875 0.0296875 0.0515625
1 0.42734375 0.28984375 0.0484375 0.04375
1 0.4953125 0.334375 0.034375 0.04375
1 0.534375 0.31171875 0.0453125 0.05625
1 0.5671875 0.284375 0.028125 0.040625
1 0.57890625 0.13359375 0.08125 0.0796875
1 0.60703125 0.19921875 0.03125 0.0359375
1 0.6171875 0.40859375 0.03125 0.0296875
1 0.6359375 0.440625 0.034375 0.034375
1 0.54921875 0.62578125 0.075 0.075
1 0.57109375 0.51875 0.0515625 0.0765625
1 0.61171875 0.7046875 0.025 0.025
1 0.5890625 0.72890625 0.0171875 0.025
1 0.6375 0.7859375 0.0203125 0.025
1 0.54453125 0.8140625 0.046875 0.04375
1 0.46015625 0.78984375 0.0296875 0.0421875
1 0.5 0.7421875 0.0421875 0.05
1 0.48203125 0.684375 0.0234375 0.0296875
1 0.43359375 0.61796875 0.028125 0.0328125
1 0.40703125 0.6875 0.015625 0.0140625
1 0.421875 0.50546875 0.025 0.028125
1 0.45390625 0.5296875 0.0296875 0.053125
1 0.52578125 0.46171875 0.0390625 0.040625
1 0.44140625 0.4515625 0.0453125 0.0546875
1 0.40546875 0.40234375 0.028125 0.01875
1 0.31015625 0.01015625 0.0296875 0.0203125
1 0.1890625 0.35625 0.04375 0.0671875
1 0.26796875 0.39453125 0.0859375 0.0609375
1 0.2734375 0.44375 0.0734375 0.0296875
1 0.209375 0.3921875 0.0515625 0.078125
1 0.20859375 0.4546875 0.0328125 0.0421875
1 0.28203125 0.48046875 0.0609375 0.0453125
1 0.08671875 0.4171875 0.059375 0.0734375
1 0.1671875 0.53828125 0.075 0.0328125
1 0.17734375 0.5671875 0.0828125 0.040625
1 0.059375 0.4484375 0.0703125 0.0984375
1 0.0234375 0.49140625 0.046875 0.0953125
1 0.05625 0.6421875 0.028125 0.0265625
1 0.14609375 0.69140625 0.01875 0.025
1 0.80859375 0.70859375 0.078125 0.06875
1 0.85859375 0.6515625 0.071875 0.0609375
1 0.865625 0.54296875 0.040625 0.0734375
1 0.7765625 0.34609375 0.034375 0.053125
1 0.8609375 0.28046875 0.0640625 0.071875
1 0.88046875 0.20703125 0.078125 0.05625
1 0.984375 0.15625 0.03125 0.065625
1 0.87578125 0.0328125 0.053125 0.03125
1 0.67578125 0.5859375 0.0796875 0.10625
1 0.72734375 0.49921875 0.06875 0.1234375
1 0.80078125 0.52734375 0.06875 0.109375
1 0.83359375 0.47265625 0.0859375 0.1046875
1 0.39609375 0.103125 0.01875 0.025
1 0.0359375 0.03515625 0.0265625 0.0375
1 0.03359375 0.08671875 0.0265625 0.0515625
1 0.95859375 0.23359375 0.0375 0.0328125
1 0.9546875 0.04140625 0.03125 0.0375
1 0.246875 0.10234375 0.0328125 0.0359375
1 0.23984375 0.18359375 0.0265625 0.046875
1 0.23671875 0.2796875 0.03125 0.040625
1 0.34765625 0.125 0.0171875 0.0171875
1 0.26875 0.184375 0.0125 0.0171875
1 0.303125 0.17421875 0.0140625 0.0125
1 0.54765625 0.36328125 0.03125 0.0375
1 0.50859375 0.271875 0.025 0.0359375
1 0.48046875 0.52109375 0.015625 0.021875
1 0.50078125 0.5046875 0.0203125 0.0140625
1 0.5390625 0.57265625 0.01875 0.025
1 0.55234375 0.4609375 0.0140625 0.025