1 0.10234375 0.0046875 0.0390625 0.009375
1 0.19921875 0.0125 0.0359375 0.025
1 0.58125 0.13203125 0.0359375 0.0453125
1 0.55390625 0.234375 0.0234375 0.04375
1 0.5296875 0.34453125 0.025 0.0453125
1 0.47734375 0.321875 0.040625 0.053125
1 0.56171875 0.3875 0.0234375 0.059375
1 0.66328125 0.42734375 0.1125 0.0734375
1 0.50078125 0.45390625 0.040625 0.05625
1 0.35703125 0.50625 0.0890625 0.184375
1 0.43203125 0.5703125 0.1015625 0.1859375
1 0.475 0.575 0.03125 0.05
1 0.5265625 0.60234375 0.0796875 0.0984375
1 0.4546875 0.69375 0.0765625 0.0875
1 0.42734375 0.7390625 0.0484375 0.053125
1 0.60625 0.68359375 0.0328125 0.05
1 0.6078125 0.190625 0.0203125 0.028125
1 0.64296875 0.09140625 0.046875 0.053125
1 0.8921875 0.47890625 0.0875 0.165625
1 0.78984375 0.515625 0.14375 0.153125
1 0.790625 0.4203125 0.0984375 0.065625
1 0.19375 0.134375 0.1203125 0.0796875
1 0.19296875 0.2765625 0.228125 0.2640625
1 0.2078125 0.47578125 0.0734375 0.1171875
1 0.26171875 0.59609375 0.121875 0.2640625
1 0.11015625 0.684375 0.2203125 0.278125
1 0.07421875 0.29296875 0.0890625 0.1453125
1 0.03515625 0.3890625 0.0703125 0.325
1 0.09921875 0.46015625 0.146875 0.2859375
1 0.440625 0.13203125 0.209375 0.2640625
1 0.3765625 0.78828125 0.028125 0.028125
1 0.47109375 0.83671875 0.0171875 0.025
1 0.43046875 0.875 0.021875 0.0234375
1 0.55078125 0.9046875 0.025 0.0265625