1 0.5140625 0.14296875 0.053125 0.096875
1 0.515625 0.346875 0.0609375 0.0734375
1 0.53984375 0.3875 0.0890625 0.0609375
1 0.5265625 0.440625 0.0875 0.0546875
1 0.51796875 0.5703125 0.0609375 0.109375
1 0.5390625 0.6453125 0.096875 0.1953125
1 0.3734375 0.40390625 0.1046875 0.134375
1 0.38515625 0.49375 0.146875 0.203125
1 0.41015625 0.6859375 0.1609375 0.1875
1 0.5734375 0.23984375 0.0390625 0.1015625
1 0.54453125 0.25234375 0.0203125 0.0328125
1 0.63125 0.25703125 0.025 0.0359375
1 0.65234375 0.26875 0.0234375 0.028125
1 0.5609375 0.4875 0.04375 0.0546875
1 0.596875 0.53203125 0.0546875 0.0796875
1 0.634375 0.5328125 0.0625 0.078125
1 0.6140625 0.46875 0.0421875 0.0578125
1 0.6515625 0.475 0.01875 0.028125
1 0.67890625 0.490625 0.0171875 0.025
1 0.6484375 0.3171875 0.025 0.034375
1 0.66953125 0.42734375 0.0203125 0.028125
1 0.7140625 0.41484375 0.0296875 0.04375
1 0.75 0.5453125 0.0609375 0.1
1 0.753125 0.61875 0.0296875 0.0390625
1 0.684375 0.17890625 0.0171875 0.025
1 0.7828125 0.22890625 0.025 0.0328125
1 0.79609375 0.3109375 0.03125 0.046875
1 0.8234375 0.34453125 0.034375 0.0578125
1 0.853125 0.353125 0.034375 0.0421875
1 0.8328125 0.40078125 0.0453125 0.071875
1 0.7765625 0.26640625 0.0234375 0.0296875
1 0.76953125 0.33671875 0.0421875 0.109375
1 0.77421875 0.45078125 0.0234375 0.0359375
1 0.8140625 0.47890625 0.05 0.0640625
1 0.815625 0.53359375 0.0359375 0.0453125
1 0.8484375 0.61796875 0.0375 0.0390625
1 0.91640625 0.36171875 0.021875 0.03125
1 0.9796875 0.353125 0.0171875 0.03125
1 0.9359375 0.359375 0.0265625 0.0328125
1 0.959375 0.35625 0.028125 0.0390625
1 0.95546875 0.4046875 0.059375 0.0609375
1 0.96484375 0.49765625 0.03125 0.053125
1 0.91171875 0.43203125 0.04375 0.0625
1 0.90546875 0.3875 0.0296875 0.028125
1 0.946875 0.48515625 0.015625 0.025
1 0.95859375 0.6 0.0265625 0.0296875