1 0.4421875 0.11796875 0.053125 0.08125
1 0.4609375 0.20703125 0.0546875 0.0921875
1 0.30390625 0.1078125 0.0609375 0.0515625
1 0.1765625 0.04921875 0.0796875 0.0375
1 0.171875 0.01796875 0.075 0.034375
1 0.084375 0.009375 0.04375 0.01875
1 0.0859375 0.0984375 0.0421875 0.046875
1 0.20546875 0.18515625 0.071875 0.08125
1 0.34453125 0.234375 0.065625 0.096875
1 0.40546875 0.2609375 0.0546875 0.0859375
1 0.5421875 0.35703125 0.0953125 0.084375
1 0.57734375 0.4546875 0.0484375 0.046875
1 0.30859375 0.34375 0.115625 0.0953125
1 0.371875 0.4140625 0.0296875 0.015625
1 0.53671875 0.42734375 0.04375 0.05625
1 0.66796875 0.346875 0.0375 0.0390625
1 0.72109375 0.446875 0.034375 0.046875
1 0.63671875 0.2546875 0.0484375 0.0390625
1 0.63203125 0.33828125 0.0203125 0.028125
1 0.27421875 0.46171875 0.0421875 0.034375
1 0.42265625 0.4859375 0.05625 0.040625
1 0.59140625 0.7421875 0.0875 0.121875
1 0.58671875 0.6109375 0.0453125 0.0515625
1 0.8 0.7421875 0.1 0.053125
1 0.74140625 0.7765625 0.028125 0.0328125
1 0.7890625 0.81640625 0.0734375 0.0703125
1 0.75078125 0.8578125 0.078125 0.071875
1 0.7921875 0.9390625 0.0296875 0.0421875
1 0.88984375 0.9265625 0.040625 0.075
1 0.91328125 0.86640625 0.0515625 0.046875
1 0.859375 0.65078125 0.0703125 0.0703125
1 0.86171875 0.58125 0.0703125 0.0546875
1 0.95 0.428125 0.1 0.165625
1 0.7328125 0.6 0.040625 0.09375
1 0.76875 0.5703125 0.0234375 0.1140625
1 0.7921875 0.4828125 0.0265625 0.0703125
1 0.821875 0.465625 0.046875 0.046875
1 0.81953125 0.3671875 0.09375 0.059375
1 0.834375 0.39609375 0.0484375 0.0359375
1 0.29296875 0.56015625 0.0375 0.04375
1 0.34140625 0.60703125 0.0328125 0.05625
1 0.35859375 0.64375 0.040625 0.0578125
1 0.340625 0.6875 0.046875 0.0359375
1 0.465625 0.76875 0.03125 0.03125
1 0.14609375 0.7578125 0.0390625 0.0296875
1 0.16640625 0.78203125 0.0375 0.025
1 0.153125 0.478125 0.0296875 0.0375
1 0.18359375 0.525 0.034375 0.021875
1 0.246875 0.54140625 0.0328125 0.0515625
1 0.0859375 0.55390625 0.0390625 0.040625
1 0.0734375 0.46328125 0.0375 0.0390625
1 0.025 0.3859375 0.0234375 0.0359375
1 0.11640625 0.3875 0.025 0.021875
1 0.11953125 0.2125 0.0453125 0.0546875
1 0.23125 0.3359375 0.0515625 0.0390625
1 0.27421875 0.2390625 0.040625 0.040625
1 0.3765625 0.1765625 0.0421875 0.0453125
1 0.296875 0.165625 0.0234375 0.028125
1 0.609375 0.46875 0.03125 0.025
1 0.51171875 0.55625 0.0125 0.0171875
1 0.5234375 0.63046875 0.0125 0.01875
1 0.01015625 0.66484375 0.0203125 0.0390625
1 0.0328125 0.70625 0.01875 0.0328125
1 0.025 0.7328125 0.021875 0.0171875
1 0.0109375 0.753125 0.015625 0.0234375
1 0.02421875 0.8 0.0296875 0.0421875
1 0.00546875 0.825 0.0109375 0.03125
1 0.084375 0.7734375 0.025 0.0578125