1 0.41328125 0.28515625 0.046875 0.0515625
1 0.47265625 0.3421875 0.0453125 0.0546875
1 0.39296875 0.440625 0.0453125 0.0578125
1 0.3609375 0.496875 0.0296875 0.0296875
1 0.3890625 0.525 0.0390625 0.053125
1 0.47734375 0.47265625 0.0421875 0.05625
1 0.49296875 0.15234375 0.05625 0.05
1 0.50859375 0.19765625 0.046875 0.059375
1 0.35078125 0.60703125 0.03125 0.0390625
1 0.4640625 0.58515625 0.0265625 0.03125
1 0.31015625 0.67109375 0.028125 0.028125
1 0.38984375 0.68125 0.034375 0.0421875
1 0.38671875 0.74921875 0.0484375 0.05
1 0.33984375 0.7859375 0.04375 0.0546875
1 0.5953125 0.16171875 0.09375 0.09375
1 0.60859375 0.22890625 0.0453125 0.05
1 0.55546875 0.303125 0.04375 0.05
1 0.51796875 0.325 0.0546875 0.0640625
1 0.57734375 0.43515625 0.0375 0.04375
1 0.58828125 0.475 0.04375 0.04375
1 0.50859375 0.5375 0.0765625 0.0859375
1 0.46484375 0.63828125 0.0890625 0.0890625
1 0.50546875 0.73515625 0.0328125 0.034375
1 0.48046875 0.75625 0.0234375 0.025
1 0.515625 0.8234375 0.025 0.0296875
1 0.42109375 0.83359375 0.053125 0.0609375
1 0.6015625 0.62890625 0.1078125 0.1265625
1 0.66953125 0.553125 0.1 0.1296875
1 0.78671875 0.54921875 0.0890625 0.1125
1 0.7390625 0.59375 0.09375 0.1203125
1 0.68984375 0.59296875 0.025 0.028125
1 0.74921875 0.40859375 0.0484375 0.0609375
1 0.84296875 0.35625 0.078125 0.0796875
1 0.97578125 0.2609375 0.0484375 0.06875
1 0.86953125 0.28671875 0.0796875 0.078125
1 0.90625 0.11328125 0.06875 0.05625
1 0.775 0.73125 0.0890625 0.0765625
1 0.71171875 0.78359375 0.0875 0.0859375
1 0.79765625 0.6234375 0.0515625 0.078125
1 0.93984375 0.3265625 0.04375 0.04375
1 0.059375 0.3390625 0.0765625 0.090625
1 0.034375 0.38046875 0.0578125 0.0828125
1 0.16953125 0.30234375 0.0546875 0.0609375
1 0.18359375 0.34609375 0.06875 0.0890625
1 0.1640625 0.39453125 0.0359375 0.04375
1 0.22890625 0.446875 0.078125 0.0578125
1 0.22421875 0.40390625 0.084375 0.05625
1 0.2328125 0.353125 0.0890625 0.065625
1 0.05234375 0.62265625 0.03125 0.0328125
1 0.371875 0.3875 0.025 0.0328125
1 0.3609375 0.00625 0.046875 0.0125
1 0.278125 0.065625 0.0421875 0.05
1 0.2515625 0.15078125 0.0359375 0.0453125
1 0.22890625 0.2390625 0.034375 0.040625
1 0.9703125 0.13359375 0.040625 0.0546875
1 0.42109375 0.09296875 0.0234375 0.03125
1 0.37109375 0.10625 0.01875 0.025
1 0.1390625 0.27734375 0.025 0.0296875