1 0.42890625 0.1203125 0.05 0.07890625
1 0.45078125 0.20859375 0.05234375 0.08984375
1 0.290625 0.11484375 0.059375 0.05
1 0.1609375 0.0609375 0.07890625 0.03515625
1 0.15546875 0.0296875 0.07421875 0.03125
1 0.06796875 0.01640625 0.04296875 0.0328125
1 0.071875 0.11328125 0.040625 0.04609375
1 0.19453125 0.1953125 0.06953125 0.078125
1 0.33515625 0.23984375 0.06171875 0.09453125
1 0.396875 0.2640625 0.05234375 0.08359375
1 0.5375 0.35546875 0.09296875 0.08125
1 0.57578125 0.45234375 0.04765625 0.04453125
1 0.303125 0.35078125 0.1125 0.0921875
1 0.36875 0.41875 0.02890625 0.01484375
1 0.534375 0.42578125 0.04140625 0.0546875
1 0.6625 0.34140625 0.03671875 0.03828125
1 0.71875 0.4390625 0.0328125 0.04609375
1 0.628125 0.25 0.04765625 0.0375
1 0.6265625 0.33359375 0.01875 0.02734375
1 0.27265625 0.46953125 0.040625 0.0328125
1 0.421875 0.48828125 0.05546875 0.03828125
1 0.6 0.7390625 0.0828125 0.11875
1 0.590625 0.6078125 0.04296875 0.05078125
1 0.80859375 0.73125 0.0984375 0.04921875
1 0.75078125 0.76796875 0.0265625 0.03203125
1 0.8 0.80625 0.071875 0.06796875
1 0.76328125 0.84921875 0.075 0.06875
1 0.80703125 0.92890625 0.02890625 0.04140625
1 0.9046875 0.9125 0.0375 0.07421875
1 0.92578125 0.8515625 0.05 0.04453125
1 0.8640625 0.63828125 0.0671875 0.06875
1 0.8640625 0.56875 0.06796875 0.053125
1 0.95 0.4125 0.1 0.1625
1 0.7359375 0.5921875 0.03671875 0.09296875
1 0.77109375 0.5609375 0.01875 0.11328125
1 0.79140625 0.47265625 0.0234375 0.06953125
1 0.8203125 0.4546875 0.04609375 0.04453125
1 0.81484375 0.35625 0.09140625 0.05546875
1 0.83046875 0.384375 0.046875 0.03359375
1 0.2953125 0.5671875 0.0359375 0.04296875
1 0.3453125 0.6125 0.03046875 0.0546875
1 0.3640625 0.6484375 0.0390625 0.05625
1 0.34765625 0.69296875 0.0453125 0.034375
1 0.475 0.76953125 0.0296875 0.0296875
1 0.15546875 0.7703125 0.03828125 0.028125
1 0.1765625 0.79375 0.0359375 0.02421875
1 0.15234375 0.490625 0.028125 0.0359375
1 0.184375 0.5359375 0.03359375 0.02109375
1 0.2484375 0.55 0.03125 0.05
1 0.08828125 0.56796875 0.0375 0.03984375
1 0.07265625 0.478125 0.0359375 0.0375
1 0.02109375 0.40234375 0.02265625 0.03515625
1 0.1125 0.40078125 0.025 0.02109375
1 0.109375 0.22578125 0.04375 0.05390625
1 0.22578125 0.3453125 0.05078125 0.0375
1 0.265625 0.246875 0.0390625 0.03984375
1 0.365625 0.18125 0.040625 0.04453125
1 0.28515625 0.17265625 0.021875 0.02734375
1 0.60859375 0.46484375 0.03046875 0.0234375
1 0.51328125 0.55546875 0.0125 0.0171875
1 0.528125 0.6296875 0.0125 0.01875
1 0.01484375 0.68203125 0.02421875 0.0375
1 0.040625 0.72265625 0.01796875 0.03203125
1 0.03359375 0.74921875 0.021875 0.0171875
1 0.0203125 0.7703125 0.0140625 0.0234375
1 0.03515625 0.81640625 0.028125 0.04140625
1 0.01171875 0.8421875 0.02265625 0.03046875
1 0.09453125 0.7875 0.02265625 0.0578125