1 0.51875 0.10859375 0.05625 0.0625
1 0.4625 0.19609375 0.10625 0.109375
1 0.5484375 0.19609375 0.059375 0.0578125
1 0.53515625 0.2625 0.04375 0.0375
1 0.46796875 0.3171875 0.0546875 0.065625
1 0.5328125 0.34296875 0.0546875 0.0546875
1 0.66796875 0.28046875 0.03125 0.0390625
1 0.834375 0.0875 0.028125 0.0265625
1 0.90703125 0.12578125 0.0296875 0.046875
1 0.8796875 0.2359375 0.0296875 0.0390625
1 0.6109375 0.453125 0.034375 0.03125
1 0.48125 0.428125 0.1015625 0.1296875
1 0.4046875 0.484375 0.103125 0.13125
1 0.528125 0.521875 0.0296875 0.03125
1 0.6171875 0.55390625 0.0421875 0.0421875
1 0.68515625 0.52109375 0.1015625 0.1078125
1 0.5859375 0.5828125 0.034375 0.040625
1 0.54375 0.665625 0.028125 0.0265625
1 0.5359375 0.7390625 0.04375 0.046875
1 0.61171875 0.73828125 0.0359375 0.0421875
1 0.41171875 0.834375 0.0609375 0.0640625
1 0.47265625 0.8359375 0.0390625 0.0484375
1 0.21484375 0.18515625 0.0671875 0.0953125
1 0.271875 0.1609375 0.059375 0.059375
1 0.253125 0.2375 0.0265625 0.0328125
1 0.23671875 0.3046875 0.0484375 0.053125
1 0.13046875 0.12578125 0.0484375 0.0546875
1 0.3015625 0.5421875 0.0328125 0.0484375
1 0.2734375 0.55 0.0265625 0.028125
1 0.1921875 0.6359375 0.153125 0.1859375
1 0.09375 0.64609375 0.078125 0.0515625
1 0.0546875 0.42578125 0.071875 0.0625