1 0.653125 0.01875 0.065625 0.0375
1 0.625 0.103125 0.0421875 0.05703125
1 0.5828125 0.11015625 0.03828125 0.04609375
1 0.5421875 0.1859375 0.0375 0.034375
1 0.58515625 0.21640625 0.0359375 0.04453125
1 0.63359375 0.30078125 0.03359375 0.03671875
1 0.51640625 0.50546875 0.034375 0.04921875
1 0.56328125 0.5640625 0.03203125 0.04921875
1 0.8296875 0.50859375 0.090625 0.14453125
1 0.96015625 0.32109375 0.06328125 0.04921875
1 0.93046875 0.10625 0.071875 0.059375
1 0.51640625 0.825 0.07890625 0.1046875
1 0.4765625 0.7640625 0.0421875 0.04296875
1 0.48125 0.63828125 0.053125 0.06484375
1 0.5390625 0.56484375 0.03203125 0.05
1 0.44765625 0.72109375 0.05390625 0.06171875
1 0.375 0.78984375 0.071875 0.06640625
1 0.39375 0.68359375 0.03125 0.0296875
1 0.40703125 0.71875 0.0265625 0.0234375
1 0.43203125 0.615625 0.028125 0.02578125
1 0.41015625 0.5859375 0.02578125 0.03203125
1 0.41640625 0.48984375 0.02734375 0.0296875
1 0.434375 0.52109375 0.01953125 0.02265625
1 0.4515625 0.5453125 0.0171875 0.021875
1 0.47421875 0.540625 0.02265625 0.021875
1 0.49375 0.5046875 0.0234375 0.0296875
1 0.4234375 0.3796875 0.028125 0.02890625
1 0.47734375 0.4125 0.02578125 0.02734375
1 0.440625 0.3984375 0.028125 0.01953125
1 0.44296875 0.28984375 0.021875 0.0359375
1 0.478125 0.296875 0.02265625 0.02265625
1 0.46015625 0.22578125 0.021875 0.0203125
1 0.4453125 0.21171875 0.015625 0.0171875
1 0.44921875 0.15859375 0.0796875 0.1234375
1 0.2640625 0.25078125 0.0515625 0.09140625
1 0.30078125 0.21796875 0.02578125 0.03671875
1 0.334375 0.23359375 0.028125 0.0296875
1 0.38203125 0.24765625 0.02421875 0.03671875
1 0.39453125 0.33515625 0.02265625 0.0375
1 0.346875 0.32109375 0.01953125 0.01875
1 0.3328125 0.3640625 0.02734375 0.03125
1 0.32578125 0.4640625 0.01640625 0.01796875
1 0.3640625 0.56640625 0.01953125 0.0265625
1 0.2453125 0.48515625 0.0296875 0.03046875
1 0.24453125 0.5359375 0.0328125 0.0796875
1 0.303125 0.63125 0.0234375 0.05703125
1 0.23203125 0.759375 0.0375 0.07421875
1 0.27890625 0.80625 0.05546875 0.0828125
1 0.19765625 0.32421875 0.0203125 0.0265625
1 0.296875 0.27109375 0.00859375 0.01640625
1 0.28984375 0.2875 0.0109375 0.01796875
1 0.18046875 0.40078125 0.0140625 0.01796875
1 0.16171875 0.46171875 0.01875 0.04453125
1 0.16875 0.41953125 0.028125 0.04609375
1 0.146875 0.50546875 0.01953125 0.0234375
1 0.14375 0.53359375 0.021875 0.02109375
1 0.0921875 0.534375 0.01328125 0.01875
1 0.0984375 0.49453125 0.0078125 0.0203125
1 0.10625 0.46875 0.0171875 0.040625
1 0.08515625 0.5015625 0.02421875 0.04140625
1 0.06328125 0.51015625 0.015625 0.0234375
1 0.0390625 0.53828125 0.01953125 0.021875
1 0.053125 0.571875 0.0125 0.01796875