1 0.234375 0.32265625 0.0375 0.0359375
1 0.26015625 0.340625 0.0296875 0.0328125
1 0.28359375 0.328125 0.03125 0.03125
1 0.28515625 0.3875 0.0546875 0.0578125
1 0.29921875 0.42890625 0.0296875 0.034375
1 0.27421875 0.43671875 0.0234375 0.0375
1 0.30234375 0.4984375 0.0234375 0.0390625
1 0.2890625 0.4828125 0.0265625 0.034375
1 0.290625 0.53984375 0.0203125 0.0328125
1 0.35703125 0.55234375 0.046875 0.05625
1 0.3890625 0.5921875 0.0515625 0.0546875
1 0.3734375 0.4484375 0.0546875 0.0546875
1 0.40546875 0.40234375 0.059375 0.065625
1 0.38671875 0.33359375 0.040625 0.0546875
1 0.4578125 0.30546875 0.05625 0.06875
1 0.4640625 0.25546875 0.071875 0.0703125
1 0.51328125 0.22578125 0.04375 0.05
1 0.44375 0.14453125 0.040625 0.0453125
1 0.4734375 0.11015625 0.0421875 0.053125
1 0.4328125 0.10390625 0.0515625 0.0640625
1 0.6203125 0.0765625 0.0765625 0.0890625
1 0.6671875 0.0609375 0.05 0.053125
1 0.69765625 0.1125 0.034375 0.0546875
1 0.7546875 0.16015625 0.0390625 0.0390625
1 0.6546875 0.2140625 0.0359375 0.0453125
1 0.69609375 0.209375 0.0609375 0.0890625
1 0.5796875 0.18515625 0.034375 0.0359375
1 0.609375 0.228125 0.0609375 0.0984375
1 0.61953125 0.30625 0.053125 0.0328125
1 0.47421875 0.8171875 0.0484375 0.059375
1 0.54765625 0.753125 0.0296875 0.046875
1 0.51171875 0.69140625 0.065625 0.178125
1 0.5375 0.70390625 0.0359375 0.04375
1 0.5546875 0.66328125 0.0296875 0.0515625
1 0.62578125 0.55546875 0.078125 0.1078125
1 0.6734375 0.540625 0.0515625 0.0515625
1 0.6578125 0.40625 0.0296875 0.0328125
1 0.259375 0.77421875 0.04375 0.0515625
1 0.21875 0.721875 0.05625 0.0578125
1 0.24609375 0.546875 0.053125 0.0421875
1 0.16484375 0.7640625 0.0515625 0.0390625
1 0.16796875 0.79296875 0.053125 0.0390625
1 0.17109375 0.83203125 0.0546875 0.046875
1 0.12109375 0.73828125 0.046875 0.04375
1 0.11796875 0.7796875 0.0234375 0.01875
1 0.13828125 0.778125 0.0109375 0.0140625
1 0.13984375 0.85 0.0328125 0.03125
1 0.11015625 0.83671875 0.0546875 0.0515625
1 0.0734375 0.690625 0.03125 0.040625
1 0.0640625 0.72265625 0.01875 0.0171875
1 0.10390625 0.734375 0.0140625 0.0125
1 0.10234375 0.75078125 0.0171875 0.0125
1 0.115625 0.66171875 0.01875 0.01875
1 0.13203125 0.68671875 0.01875 0.0203125
1 0.1453125 0.709375 0.0171875 0.0203125
1 0.14609375 0.7328125 0.015625 0.0125
1 0.3171875 0.68046875 0.021875 0.025
1 0.3578125 0.7078125 0.0265625 0.0296875
1 0.3765625 0.72421875 0.021875 0.01875
1 0.4234375 0.7390625 0.021875 0.025
1 0.4265625 0.7171875 0.0265625 0.0296875
1 0.428125 0.81015625 0.0203125 0.021875
1 0.30546875 0.60390625 0.0328125 0.03125
1 0.3296875 0.61328125 0.03125 0.0328125
1 0.34375 0.65234375 0.0375 0.0453125
1 0.38828125 0.65390625 0.0265625 0.025
1 0.709375 0.43828125 0.0234375 0.0359375
1 0.6921875 0.39375 0.025 0.03125
1 0.71328125 0.3015625 0.0640625 0.0734375
1 0.7078125 0.36953125 0.0671875 0.1078125
1 0.7359375 0.453125 0.0828125 0.1171875
1 0.72265625 0.54921875 0.0609375 0.078125
1 0.76953125 0.38359375 0.078125 0.1140625
1 0.79375 0.30625 0.0859375 0.140625
1 0.7890625 0.121875 0.0515625 0.0671875
1 0.7828125 0.0671875 0.034375 0.0515625