1 0.3109375 0.39453125 0.0453125 0.0640625
1 0.37890625 0.5015625 0.0515625 0.053125
1 0.40546875 0.5171875 0.04375 0.046875
1 0.41171875 0.55703125 0.021875 0.0234375
1 0.4390625 0.5765625 0.03125 0.0296875
1 0.5203125 0.69609375 0.0421875 0.0515625
1 0.47734375 0.67109375 0.0265625 0.0296875
1 0.43359375 0.75859375 0.0421875 0.0546875
1 0.43203125 0.40390625 0.0546875 0.06875
1 0.42265625 0.2703125 0.0578125 0.0640625
1 0.43203125 0.2 0.0484375 0.0546875
1 0.0921875 0.10546875 0.0328125 0.0421875
1 0.1109375 0.2328125 0.034375 0.0484375
1 0.16640625 0.3515625 0.034375 0.040625
1 0.18671875 0.4421875 0.03125 0.0375
1 0.5390625 0.1421875 0.0359375 0.046875
1 0.54296875 0.2171875 0.046875 0.046875
1 0.6640625 0.3984375 0.046875 0.059375
1 0.61953125 0.2578125 0.0359375 0.0421875
1 0.58046875 0.15859375 0.0421875 0.0515625
1 0.5765625 0.0796875 0.053125 0.0546875
1 0.81484375 0.29296875 0.0765625 0.0578125
1 0.73046875 0.1609375 0.040625 0.0484375
1 0.6796875 0.078125 0.0359375 0.04375
1 0.75859375 0.05390625 0.0609375 0.0765625
1 0.0046875 0.2046875 0.009375 0.05
1 0.08125 0.43046875 0.0359375 0.05