1 0.38125 0.3015625 0.040625 0.046875
1 0.4484375 0.3484375 0.0390625 0.05
1 0.38515625 0.4578125 0.0390625 0.0546875
1 0.3625 0.51875 0.0265625 0.028125
1 0.39453125 0.5421875 0.0328125 0.05
1 0.4734375 0.4765625 0.0359375 0.0515625
1 0.43828125 0.1578125 0.0515625 0.04375
1 0.4609375 0.2 0.040625 0.0546875
1 0.36953125 0.62890625 0.0265625 0.0359375
1 0.478125 0.58984375 0.0234375 0.0296875
1 0.3390625 0.6984375 0.025 0.025
1 0.41953125 0.696875 0.0296875 0.040625
1 0.42734375 0.7640625 0.0421875 0.0453125
1 0.38671875 0.80703125 0.0375 0.0515625
1 0.54140625 0.15078125 0.084375 0.084375
1 0.56484375 0.215625 0.040625 0.0453125
1 0.5234375 0.296875 0.0390625 0.0453125
1 0.48984375 0.32421875 0.0484375 0.059375
1 0.56640625 0.4234375 0.0328125 0.040625
1 0.58359375 0.46171875 0.0390625 0.0390625
1 0.5140625 0.5359375 0.0671875 0.0796875
1 0.48671875 0.6421875 0.08125 0.0796875
1 0.5421875 0.73125 0.0296875 0.03125
1 0.52109375 0.75625 0.0203125 0.0234375
1 0.56640625 0.8171875 0.021875 0.028125
1 0.47421875 0.8421875 0.046875 0.05625
1 0.6203125 0.61171875 0.09375 0.1171875
1 0.67578125 0.5265625 0.084375 0.1203125
1 0.79140625 0.50390625 0.0765625 0.1046875
1 0.75078125 0.55546875 0.078125 0.1140625
1 0.70234375 0.5625 0.021875 0.0265625
1 0.73203125 0.3703125 0.040625 0.0578125
1 0.815625 0.3046875 0.0703125 0.071875
1 0.940625 0.18828125 0.0546875 0.0640625
1 0.83125 0.23125 0.071875 0.0703125
1 0.840625 0.05390625 0.0640625 0.0484375
1 0.8078125 0.6859375 0.08125 0.065625
1 0.75390625 0.746875 0.0796875 0.0765625
1 0.81328125 0.575 0.040625 0.0734375
1 0.90703125 0.26015625 0.0390625 0.0390625
1 0.9796875 0.21015625 0.040625 0.0515625
1 0.03984375 0.41015625 0.065625 0.0828125
1 0.02265625 0.4546875 0.0453125 0.078125
1 0.14296875 0.35625 0.0484375 0.05625
1 0.16328125 0.39765625 0.0578125 0.084375
1 0.1515625 0.4484375 0.03125 0.040625
1 0.2234375 0.48984375 0.075 0.0484375
1 0.2125 0.4484375 0.08125 0.046875
1 0.21328125 0.396875 0.0828125 0.0546875
1 0.0765625 0.69140625 0.0265625 0.03125
1 0.35546875 0.40859375 0.0203125 0.03125
1 0.28125 0.01875 0.040625 0.0375
1 0.21328125 0.10546875 0.0375 0.0453125
1 0.2 0.19453125 0.03125 0.0421875
1 0.19140625 0.284375 0.0296875 0.0375
1 0.90703125 0.0640625 0.034375 0.0515625
1 0.35859375 0.11015625 0.0203125 0.0296875
1 0.3109375 0.13125 0.015625 0.0234375
1 0.10859375 0.3359375 0.021875 0.0265625