1 0.25078125 0.1984375 0.0984375 0.134375
1 0.3140625 0.27734375 0.06875 0.084375
1 0.2609375 0.30546875 0.0328125 0.0375
1 0.3328125 0.41171875 0.0296875 0.028125
1 0.4234375 0.490625 0.0578125 0.05
1 0.3703125 0.36171875 0.078125 0.0875
1 0.37578125 0.42109375 0.04375 0.0421875
1 0.3734375 0.68515625 0.0375 0.053125
1 0.621875 0.72265625 0.0671875 0.078125
1 0.634375 0.815625 0.059375 0.078125
1 0.525 0.32890625 0.0484375 0.1078125
1 0.56953125 0.353125 0.0796875 0.134375
1 0.66484375 0.4734375 0.0296875 0.0421875
1 0.6828125 0.41796875 0.0234375 0.0328125
1 0.7265625 0.5359375 0.0296875 0.0421875
1 0.82890625 0.8 0.0203125 0.025
1 0.55546875 0.25390625 0.0359375 0.0484375
1 0.4828125 0.1359375 0.06875 0.1515625
1 0.5484375 0.14921875 0.071875 0.1375
1 0.51484375 0.1640625 0.034375 0.0578125
1 0.43515625 0.23984375 0.0421875 0.0484375
1 0.3796875 0.17578125 0.0359375 0.0328125
1 0.34140625 0.13984375 0.0171875 0.03125
1 0.359375 0.1078125 0.040625 0.0515625
1 0.0921875 0.1203125 0.13125 0.121875
1 0.109375 0.20703125 0.0515625 0.05625
1 0.19296875 0.2328125 0.0421875 0.0515625
1 0.07109375 0.31484375 0.1421875 0.1078125
1 0.17109375 0.36015625 0.0671875 0.065625
1 0.09921875 0.39453125 0.14375 0.109375
1 0.14765625 0.51640625 0.0390625 0.05
1 0.1859375 0.59765625 0.028125 0.0265625
1 0.21875 0.61484375 0.04375 0.0390625
1 0.15078125 0.68671875 0.04375 0.034375
1 0.11640625 0.65703125 0.0359375 0.028125
1 0.0578125 0.62578125 0.0453125 0.0265625
1 0.05625 0.57890625 0.046875 0.0234375
1 0.00390625 0.32421875 0.0078125 0.0359375
1 0.00703125 0.3625 0.0140625 0.0375
1 0.5703125 0.60703125 0.0328125 0.04375
1 0.234375 0.484375 0.0265625 0.0203125