1 0.19296875 0.08125 0.02890625 0.03203125
1 0.2671875 0.08125 0.02578125 0.03046875
1 0.32109375 0.0796875 0.05078125 0.040625
1 0.21328125 0.2125 0.02421875 0.03125
1 0.303125 0.1671875 0.0203125 0.034375
1 0.28984375 0.1890625 0.015625 0.0296875
1 0.35234375 0.140625 0.028125 0.0359375
1 0.3984375 0.1859375 0.03515625 0.03125
1 0.415625 0.25546875 0.0296875 0.03671875
1 0.41328125 0.32734375 0.03359375 0.03671875
1 0.4703125 0.16171875 0.0859375 0.09140625
1 0.43984375 0.1296875 0.07421875 0.0890625
1 0.578125 0.24140625 0.03984375 0.1328125
1 0.57265625 0.478125 0.1109375 0.12578125
1 0.509375 0.615625 0.02734375 0.0421875
1 0.49375 0.684375 0.028125 0.046875
1 0.4234375 0.771875 0.0453125 0.0609375
1 0.41328125 0.55703125 0.02109375 0.025
1 0.38125 0.69609375 0.0203125 0.01796875
1 0.36875 0.7671875 0.0171875 0.02109375
1 0.28828125 0.6390625 0.021875 0.02265625
1 0.303125 0.6140625 0.0140625 0.02109375
1 0.23046875 0.58125 0.01796875 0.01796875
1 0.271875 0.53203125 0.0171875 0.021875
1 0.1875 0.49375 0.015625 0.01875
1 0.221875 0.49140625 0.0421875 0.0234375
1 0.25703125 0.5578125 0.034375 0.0234375
1 0.28828125 0.465625 0.040625 0.01953125
1 0.0296875 0.365625 0.025 0.03515625
1 0.05390625 0.3828125 0.02109375 0.0265625
1 0.0390625 0.29296875 0.028125 0.03359375
1 0.01171875 0.2359375 0.02265625 0.0296875
1 0.0578125 0.48671875 0.0265625 0.04140625
1 0.07578125 0.69140625 0.03203125 0.06015625
1 0.78828125 0.17421875 0.028125 0.034375
1 0.75859375 0.23828125 0.0296875 0.04921875
1 0.85703125 0.1296875 0.06015625 0.0484375
1 0.89296875 0.13046875 0.0234375 0.02890625
1 0.91875 0.16484375 0.02421875 0.03671875
1 0.92578125 0.23359375 0.02890625 0.034375
1 0.95234375 0.30078125 0.0234375 0.0265625
1 0.934375 0.3484375 0.0703125 0.05078125
1 0.884375 0.434375 0.0671875 0.046875
1 0.81328125 0.28125 0.0703125 0.046875
1 0.79765625 0.328125 0.08359375 0.05
1 0.8359375 0.365625 0.175 0.08046875
1 0.7765625 0.53671875 0.01875 0.0203125
1 0.96953125 0.55859375 0.01875 0.0234375
1 0.834375 0.55859375 0.021875 0.01875
1 0.88671875 0.559375 0.0109375 0.01796875
1 0.88046875 0.5921875 0.01171875 0.01484375
1 0.884375 0.67109375 0.01171875 0.01171875
1 0.89140625 0.69375 0.01484375 0.01484375
1 0.9265625 0.71796875 0.01015625 0.0140625
1 0.74296875 0.1390625 0.01015625 0.01640625
1 0.8046875 0.13203125 0.0125 0.0140625
1 0.865625 0.15546875 0.02109375 0.0109375
1 0.865625 0.1703125 0.01328125 0.0109375
1 0.8671875 0.1828125 0.0203125 0.009375
1 0.78828125 0.25078125 0.01640625 0.01953125
1 0.8078125 0.2828125 0.0140625 0.01484375
1 0.83828125 0.290625 0.01328125 0.01953125
1 0.8203125 0.32265625 0.0109375 0.01796875
1 0.7875 0.31875 0.015625 0.01015625
1 0.83203125 0.41640625 0.01484375 0.0125
1 0.85234375 0.415625 0.01015625 0.01171875
1 0.8671875 0.46875 0.01328125 0.0203125
1 0.87265625 0.4109375 0.01640625 0.01640625
1 0.89375 0.4125 0.01640625 0.015625
1 0.915625 0.41796875 0.01328125 0.0140625
1 0.40234375 0.5171875 0.021875 0.0234375
1 0.38671875 0.41640625 0.01328125 0.0140625
1 0.12421875 0.37421875 0.03984375 0.02265625
1 0.109375 0.328125 0.025 0.034375
1 0.1046875 0.36015625 0.01796875 0.0234375
1 0.2125 0.371875 0.0140625 0.025
1 0.2265625 0.39375 0.015625 0.021875
1 0.21796875 0.41875 0.0421875 0.0265625
1 0.1609375 0.45390625 0.06875 0.08984375
1 0.2484375 0.3265625 0.0734375 0.0859375
1 0.271875 0.40390625 0.0796875 0.0859375
1 0.33125 0.35625 0.0796875 0.05546875
1 0.27109375 0.6078125 0.04453125 0.0296875