1 0.38984375 0.25546875 0.03984375 0.046875
1 0.3859375 0.36953125 0.021875 0.0296875
1 0.39609375 0.390625 0.02421875 0.0234375
1 0.38359375 0.4265625 0.01953125 0.01796875
1 0.42578125 0.45234375 0.04453125 0.0390625
1 0.48046875 0.48671875 0.025 0.021875
1 0.47890625 0.5265625 0.0359375 0.0359375
1 0.36484375 0.6203125 0.02890625 0.03671875
1 0.58359375 0.36796875 0.0234375 0.0359375
1 0.41015625 0.128125 0.034375 0.03984375
1 0.41328125 0.171875 0.0171875 0.02734375
1 0.43984375 0.059375 0.034375 0.046875
1 0.5171875 0.209375 0.0375 0.05
1 0.54453125 0.3109375 0.01640625 0.04609375
1 0.4890625 0.26953125 0.0140625 0.03125
1 0.50234375 0.34921875 0.0421875 0.11953125
1 0.5375 0.5140625 0.015625 0.02734375
1 0.58359375 0.4453125 0.01875 0.02421875
1 0.615625 0.471875 0.025 0.02734375
1 0.6109375 0.4078125 0.0203125 0.0359375
1 0.615625 0.359375 0.01875 0.0296875
1 0.65625 0.334375 0.021875 0.01875
1 0.6046875 0.325 0.015625 0.0421875
1 0.56328125 0.15703125 0.0234375 0.03359375
1 0.51171875 0.0953125 0.02421875 0.034375
1 0.54296875 0.0984375 0.0234375 0.02578125
1 0.56953125 0.10546875 0.0203125 0.02421875
1 0.6828125 0.4 0.0265625 0.0296875
1 0.74375 0.36953125 0.01171875 0.02109375
1 0.73046875 0.446875 0.02890625 0.0375
1 0.68671875 0.590625 0.028125 0.05625
1 0.66796875 0.62890625 0.03046875 0.04296875
1 0.634375 0.6515625 0.01328125 0.02421875
1 0.59140625 0.58828125 0.0328125 0.084375
1 0.61328125 0.55 0.03828125 0.053125
1 0.61640625 0.5953125 0.015625 0.0140625
1 0.496875 0.79375 0.028125 0.0515625
1 0.3453125 0.7921875 0.01640625 0.0234375
1 0.734375 0.675 0.04765625 0.09296875
1 0.73125 0.74140625 0.046875 0.090625
1 0.74140625 0.63125 0.01484375 0.0328125
1 0.7015625 0.5578125 0.025 0.053125
1 0.77578125 0.5578125 0.01484375 0.03359375
1 0.7984375 0.6234375 0.02734375 0.09921875
1 0.7609375 0.43671875 0.0140625 0.0234375
1 0.790625 0.44296875 0.0140625 0.0265625
1 0.809375 0.5390625 0.01640625 0.02890625
1 0.8203125 0.6046875 0.01484375 0.02890625
1 0.8125 0.696875 0.01484375 0.03046875
1 0.82734375 0.77265625 0.01328125 0.03203125
1 0.83515625 0.83984375 0.01484375 0.03203125
1 0.88125 0.8171875 0.0109375 0.01640625
1 0.96484375 0.42890625 0.02734375 0.02890625
1 0.9375 0.4453125 0.01796875 0.02109375
1 0.8859375 0.4890625 0.03203125 0.0375
1 0.91171875 0.4875 0.0234375 0.0234375
1 0.95 0.4875 0.040625 0.04375
1 0.85390625 0.51640625 0.02421875 0.03828125
1 0.8015625 0.50078125 0.009375 0.01640625
1 0.85546875 0.55546875 0.028125 0.06484375
1 0.9765625 0.5453125 0.046875 0.065625
1 0.95703125 0.56875 0.02578125 0.03359375
1 0.921875 0.54140625 0.02265625 0.0203125
1 0.9453125 0.59765625 0.02109375 0.02109375
1 0.86640625 0.6109375 0.01875 0.025
1 0.853125 0.646875 0.0296875 0.05703125
1 0.8734375 0.7 0.02578125 0.05703125
1 0.8578125 0.70234375 0.01796875 0.04140625
1 0.8453125 0.6859375 0.01328125 0.0140625
1 0.84375 0.60859375 0.01171875 0.02109375
1 0.83515625 0.59453125 0.01015625 0.01484375
1 0.865625 0.628125 0.01171875 0.00703125
1 0.84609375 0.728125 0.009375 0.015625
1 0.8640625 0.74296875 0.01640625 0.0375
1 0.859375 0.7609375 0.00625 0.00859375
1 0.93515625 0.784375 0.02421875 0.0203125
1 0.94453125 0.7125 0.028125 0.02421875
1 0.9625 0.68359375 0.04921875 0.0453125
1 0.9453125 0.65078125 0.04140625 0.03984375
1 0.35 0.65390625 0.02265625 0.03203125
1 0.44296875 0.13125 0.02421875 0.034375
1 0.471875 0.0734375 0.02109375 0.021875
1 0.49609375 0.12265625 0.0125 0.01796875
1 0.4546875 0.01953125 0.01640625 0.01484375
1 0.4390625 0.0046875 0.02265625 0.009375
1 0.63984375 0.72890625 0.01484375 0.02734375
1 0.61640625 0.8125 0.01328125 0.03125