1 0.1515625 0.3953125 0.06328125 0.06171875
1 0.1796875 0.34453125 0.05 0.0453125
1 0.328125 0.37421875 0.03984375 0.03125
1 0.39765625 0.41171875 0.0296875 0.028125
1 0.34296875 0.2765625 0.03515625 0.034375
1 0.02734375 0.3453125 0.03515625 0.03359375
1 0.13515625 0.6234375 0.07265625 0.0640625
1 0.315625 0.63359375 0.05234375 0.0640625
1 0.26015625 0.79375 0.11171875 0.18515625
1 0.34765625 0.53046875 0.04921875 0.0390625
1 0.38046875 0.565625 0.04765625 0.059375
1 0.384375 0.5078125 0.053125 0.0515625
1 0.56640625 0.5515625 0.02734375 0.025
1 0.65546875 0.52890625 0.02421875 0.03515625
1 0.67109375 0.540625 0.0171875 0.01875
1 0.78203125 0.3671875 0.0546875 0.103125
1 0.85703125 0.446875 0.1015625 0.19140625
1 0.95 0.2859375 0.04296875 0.05
1 0.7546875 0.2828125 0.02265625 0.0328125
1 0.71875 0.271875 0.05078125 0.1
1 0.809375 0.0578125 0.05 0.0703125
1 0.9046875 0.04296875 0.0640625 0.07265625
1 0.93125 0.11953125 0.1375 0.13828125
1 0.5546875 0.80625 0.03828125 0.0390625
1 0.603125 0.77265625 0.07890625 0.12109375
1 0.5328125 0.7234375 0.0453125 0.02734375
1 0.521875 0.64765625 0.0203125 0.03125
1 0.47265625 0.6328125 0.0359375 0.05078125
1 0.50703125 0.6078125 0.01953125 0.01953125
1 0.49921875 0.71640625 0.01328125 0.0125
1 0.4921875 0.5703125 0.01328125 0.01640625
1 0.546875 0.5703125 0.01484375 0.01875
1 0.05390625 0.57421875 0.01953125 0.01796875
1 0.0171875 0.58671875 0.02890625 0.02578125
1 0.01015625 0.6109375 0.0203125 0.1015625
1 0.7171875 0.07109375 0.065625 0.1421875
1 0.7078125 0.1625 0.015625 0.04140625
1 0.67890625 0.02734375 0.01796875 0.0515625
1 0.60703125 0.175 0.02578125 0.03984375
1 0.63671875 0.35 0.01875 0.05234375
1 0.54609375 0.3796875 0.0171875 0.021875
1 0.53046875 0.4 0.01484375 0.01796875
1 0.50703125 0.4015625 0.015625 0.015625
1 0.503125 0.41953125 0.01328125 0.0109375
1 0.47578125 0.3140625 0.025 0.0234375
1 0.49453125 0.33046875 0.0171875 0.01875
1 0.4953125 0.34921875 0.01953125 0.0203125
1 0.5109375 0.34765625 0.01484375 0.02265625
1 0.478125 0.25546875 0.03359375 0.028125
1 0.48046875 0.1984375 0.0265625 0.0296875