1 0.28359375 0.18515625 0.1625 0.1546875
1 0.596875 0.23203125 0.1828125 0.1953125
1 0.3609375 0.26953125 0.1078125 0.0921875
1 0.428125 0.28359375 0.046875 0.0484375
1 0.53046875 0.3140625 0.0328125 0.0515625
1 0.415625 0.43671875 0.028125 0.0421875
1 0.52421875 0.51015625 0.065625 0.1203125
1 0.66015625 0.6109375 0.0984375 0.1484375
1 0.5609375 0.63203125 0.0609375 0.1
1 0.48359375 0.66484375 0.0203125 0.0328125
1 0.40546875 0.59296875 0.021875 0.0265625
1 0.39140625 0.69765625 0.0203125 0.025
1 0.54453125 0.8015625 0.0234375 0.0234375
1 0.3078125 0.7421875 0.0171875 0.0203125
1 0.31171875 0.52265625 0.121875 0.275
1 0.309375 0.51171875 0.025 0.04375
1 0.2578125 0.63828125 0.1046875 0.1921875
1 0.6046875 0.90546875 0.0703125 0.0828125
1 0.89765625 0.51484375 0.015625 0.0140625
1 0.86015625 0.55703125 0.015625 0.0203125
1 0.9078125 0.54140625 0.01875 0.0125
1 0.903125 0.64765625 0.025 0.015625
1 0.90234375 0.678125 0.01875 0.0234375
1 0.903125 0.72265625 0.034375 0.0515625
1 0.90703125 0.78046875 0.021875 0.0296875
1 0.9296875 0.840625 0.01875 0.0328125
1 0.99140625 0.7015625 0.0171875 0.0375
1 0.8734375 0.59453125 0.0171875 0.0171875
1 0.9921875 0.4953125 0.015625 0.071875
1 0.95625 0.51328125 0.0140625 0.0140625
1 0.984375 0.4859375 0.0125 0.015625
1 0.98046875 0.57265625 0.0109375 0.0203125