1 0.0671875 0.23359375 0.05625 0.06796875
1 0.125 0.16640625 0.0796875 0.059375
1 0.03671875 0.121875 0.03984375 0.046875
1 0.0171875 0.25078125 0.034375 0.059375
1 0.42578125 0.13828125 0.0515625 0.0328125
1 0.47890625 0.165625 0.02265625 0.03203125
1 0.53359375 0.1234375 0.12421875 0.11328125
1 0.4359375 0.20078125 0.11796875 0.1109375
1 0.409375 0.3203125 0.090625 0.11484375
1 0.54609375 0.21171875 0.034375 0.03984375
1 0.5984375 0.2015625 0.03515625 0.06328125
1 0.646875 0.203125 0.028125 0.04453125
1 0.69765625 0.26484375 0.0453125 0.0515625
1 0.709375 0.35234375 0.03671875 0.0484375
1 0.7203125 0.5546875 0.025 0.03671875
1 0.72890625 0.66484375 0.0203125 0.03203125
1 0.87578125 0.10546875 0.0359375 0.04296875
1 0.9296875 0.134375 0.040625 0.03125
1 0.8953125 0.028125 0.02421875 0.034375
1 0.915625 0.07578125 0.02265625 0.025
1 0.9109375 0.2625 0.0328125 0.0515625
1 0.9453125 0.34765625 0.0359375 0.0421875
1 0.6140625 0.38984375 0.046875 0.0578125
1 0.584375 0.4546875 0.04140625 0.0453125
1 0.5125 0.36484375 0.0140625 0.02734375
1 0.525 0.40234375 0.021875 0.03203125
1 0.4765625 0.41953125 0.02109375 0.02421875
1 0.4328125 0.41171875 0.0328125 0.0265625
1 0.478125 0.4546875 0.0265625 0.02890625
1 0.48359375 0.59140625 0.1046875 0.22421875
1 0.5640625 0.63828125 0.01640625 0.02265625
1 0.546875 0.6328125 0.0140625 0.04609375
1 0.54296875 0.57734375 0.0203125 0.03203125
1 0.5171875 0.496875 0.0265625 0.028125
1 0.3203125 0.6140625 0.0515625 0.0921875
1 0.32109375 0.54453125 0.025 0.0359375
1 0.38515625 0.6640625 0.03125 0.0203125
1 0.42578125 0.70625 0.01640625 0.02109375
1 0.3953125 0.80546875 0.0203125 0.021875
1 0.49296875 0.8078125 0.0328125 0.03671875
1 0.41640625 0.8171875 0.02109375 0.01484375
1 0.50234375 0.8546875 0.02109375 0.02265625
1 0.8734375 0.2265625 0.01640625 0.053125
1 0.88515625 0.28671875 0.01875 0.03359375
1 0.903125 0.38203125 0.0296875 0.08828125
1 0.9625 0.55625 0.075 0.12265625
1 0.990625 0.728125 0.01875 0.03984375
1 0.9140625 0.76640625 0.04453125 0.0359375
1 0.87265625 0.6046875 0.03984375 0.034375
1 0.865625 0.5265625 0.02890625 0.03046875
1 0.865625 0.56953125 0.03125 0.0390625
1 0.88515625 0.54921875 0.034375 0.02265625
1 0.9125 0.55703125 0.021875 0.03984375
1 0.915625 0.6140625 0.02265625 0.0921875
1 0.9046875 0.4859375 0.03046875 0.05
1 0.890625 0.45234375 0.03203125 0.03359375
1 0.87890625 0.38828125 0.028125 0.03671875
1 0.87890625 0.32578125 0.0328125 0.046875
1 0.9046875 0.33359375 0.02421875 0.0203125