1 0.1578125 0.01875 0.0625 0.0375
1 0.11953125 0.1125 0.0796875 0.078125
1 0.07265625 0.29453125 0.071875 0.08125
1 0.20078125 0.3140625 0.065625 0.078125
1 0.17421875 0.4484375 0.1171875 0.09375
1 0.1421875 0.3875 0.1125 0.0875
1 0.08984375 0.43046875 0.0609375 0.065625
1 0.015625 0.60859375 0.03125 0.0515625
1 0.37578125 0.3140625 0.034375 0.04375
1 0.40234375 0.33203125 0.03125 0.0453125
1 0.43515625 0.44375 0.0421875 0.0609375
1 0.615625 0.515625 0.04375 0.0625
1 0.63203125 0.4703125 0.0421875 0.040625
1 0.68515625 0.2078125 0.0515625 0.0546875
1 0.8765625 0.08828125 0.0625 0.0484375
1 0.890625 0.31171875 0.0484375 0.0734375
1 0.80546875 0.6 0.053125 0.0703125
1 0.70703125 0.846875 0.121875 0.1875
1 0.58359375 0.8796875 0.0734375 0.0890625
1 0.7359375 0.515625 0.0609375 0.09375
1 0.765625 0.44765625 0.0640625 0.0953125
1 0.0578125 0.20625 0.025 0.0609375
1 0.1015625 0.01328125 0.021875 0.0265625
1 0.7546875 0.05078125 0.04375 0.0234375