1 0.084375 0.3953125 0.0375 0.04375
1 0.13515625 0.3890625 0.034375 0.053125
1 0.078125 0.2109375 0.0375 0.0375
1 0.165625 0.05 0.0390625 0.04375
1 0.184375 0.49921875 0.0359375 0.053125
1 0.2421875 0.61171875 0.0484375 0.0375
1 0.39609375 0.584375 0.046875 0.0734375
1 0.46796875 0.70625 0.065625 0.0671875
1 0.4578125 0.81484375 0.05 0.06875
1 0.37734375 0.3203125 0.053125 0.090625
1 0.41484375 0.21171875 0.0515625 0.059375
1 0.4359375 0.109375 0.040625 0.05
1 0.49609375 0.109375 0.034375 0.0453125
1 0.465625 0.26484375 0.0703125 0.259375
1 0.5 0.4640625 0.0703125 0.09375
1 0.50625 0.55859375 0.0375 0.0546875
1 0.5296875 0.5875 0.0546875 0.0640625
1 0.65859375 0.58046875 0.059375 0.0546875
1 0.52421875 0.26796875 0.0390625 0.059375
1 0.53984375 0.34921875 0.040625 0.075
1 0.56171875 0.42734375 0.025 0.0265625
1 0.6171875 0.35234375 0.034375 0.040625
1 0.58984375 0.26640625 0.034375 0.0375
1 0.62734375 0.22265625 0.028125 0.0359375
1 0.49921875 0.184375 0.0234375 0.0390625
1 0.51875 0.1359375 0.025 0.0390625
1 0.53828125 0.14609375 0.0234375 0.021875
1 0.5890625 0.184375 0.0390625 0.0390625
1 0.59453125 0.2296875 0.0375 0.0390625
1 0.6828125 0.334375 0.0421875 0.0453125
1 0.75390625 0.5359375 0.0328125 0.0484375
1 0.68203125 0.55859375 0.04375 0.040625
1 0.859375 0.63515625 0.034375 0.040625
1 0.8984375 0.42890625 0.025 0.0390625
1 0.99609375 0.35859375 0.0078125 0.0421875
1 0.92578125 0.69921875 0.115625 0.125
1 0.95859375 0.6546875 0.028125 0.0359375
1 0.74375 0.7203125 0.03125 0.059375
1 0.76875 0.77734375 0.0359375 0.065625
1 0.88359375 0.896875 0.0484375 0.059375
1 0.41015625 0.7890625 0.015625 0.025
1 0.54375 0.86171875 0.015625 0.021875