1 0.1171875 0.36484375 0.046875 0.053125
1 0.08203125 0.26328125 0.0296875 0.03125
1 0.37265625 0.35234375 0.0828125 0.0703125
1 0.4 0.425 0.096875 0.0625
1 0.50546875 0.4078125 0.053125 0.0578125
1 0.521875 0.446875 0.0375 0.04375
1 0.59453125 0.54140625 0.109375 0.1375
1 0.53125 0.6453125 0.1140625 0.109375
1 0.46015625 0.728125 0.134375 0.0796875
1 0.37734375 0.8 0.046875 0.0453125
1 0.23984375 0.75625 0.0453125 0.040625
1 0.14140625 0.65234375 0.03125 0.0453125
1 0.6609375 0.85546875 0.103125 0.1359375
1 0.67578125 0.559375 0.084375 0.090625
1 0.5875 0.31640625 0.05625 0.05
1 0.58828125 0.36015625 0.0390625 0.04375
1 0.43359375 0.240625 0.034375 0.040625
1 0.44921875 0.2109375 0.03125 0.0375
1 0.48828125 0.28828125 0.0390625 0.0421875
1 0.48046875 0.31484375 0.034375 0.0375
1 0.48203125 0.15234375 0.1125 0.09375
1 0.38203125 0.15546875 0.0421875 0.0421875
1 0.27890625 0.165625 0.025 0.0328125
1 0.29140625 0.18828125 0.028125 0.0328125
1 0.3265625 0.41640625 0.0359375 0.03125
1 0.24609375 0.3484375 0.0453125 0.034375
1 0.05390625 0.37734375 0.0375 0.028125
1 0.02890625 0.45625 0.0203125 0.028125
1 0.0421875 0.53671875 0.0359375 0.0328125
1 0.11328125 0.56171875 0.021875 0.0203125
1 0.35859375 0.47890625 0.01875 0.01875
1 0.440625 0.51015625 0.034375 0.03125
1 0.4421875 0.53515625 0.034375 0.028125
1 0.50078125 0.525 0.01875 0.0203125