1 0.35078125 0.14296875 0.0265625 0.0328125
1 0.26875 0.1546875 0.034375 0.0375
1 0.2140625 0.14609375 0.0859375 0.10625
1 0.28359375 0.2328125 0.075 0.0875
1 0.3328125 0.19140625 0.040625 0.0421875
1 0.3421875 0.26484375 0.0359375 0.04375
1 0.41875 0.24765625 0.0296875 0.046875
1 0.59140625 0.20859375 0.0640625 0.0640625
1 0.76875 0.12890625 0.040625 0.034375
1 0.81484375 0.17578125 0.0328125 0.0296875
1 0.87265625 0.0734375 0.0453125 0.040625
1 0.8421875 0.11796875 0.0390625 0.0453125
1 0.79453125 0.2 0.0453125 0.0359375
1 0.765625 0.26875 0.0359375 0.0484375
1 0.81015625 0.23828125 0.071875 0.05625
1 0.87265625 0.26171875 0.0640625 0.071875
1 0.80234375 0.3203125 0.0421875 0.0453125
1 0.90390625 0.3375 0.05625 0.0828125
1 0.88046875 0.40546875 0.0234375 0.021875
1 0.946875 0.43359375 0.053125 0.065625
1 0.91484375 0.48046875 0.065625 0.0421875
1 0.85625 0.5828125 0.053125 0.046875
1 0.88515625 0.628125 0.0484375 0.0375
1 0.8390625 0.62109375 0.0203125 0.01875
1 0.91640625 0.6484375 0.015625 0.01875
1 0.784375 0.446875 0.0328125 0.0359375
1 0.64609375 0.315625 0.0875 0.0640625
1 0.6734375 0.371875 0.053125 0.0453125
1 0.68984375 0.43125 0.153125 0.0625
1 0.6515625 0.4859375 0.09375 0.053125
1 0.67109375 0.54609375 0.1140625 0.059375
1 0.72109375 0.59140625 0.1546875 0.08125
1 0.71484375 0.6890625 0.1484375 0.0890625
1 0.55859375 0.259375 0.0421875 0.040625
1 0.5484375 0.28984375 0.0578125 0.053125
1 0.496875 0.34609375 0.0484375 0.05625
1 0.4796875 0.40078125 0.0375 0.0484375
1 0.434375 0.4515625 0.0578125 0.05625
1 0.4453125 0.4953125 0.040625 0.0390625
1 0.38984375 0.53671875 0.09375 0.065625
1 0.50625 0.59140625 0.040625 0.0359375
1 0.46796875 0.65 0.0390625 0.034375
1 0.44765625 0.53046875 0.0234375 0.03125
1 0.45859375 0.75546875 0.0296875 0.0375
1 0.39296875 0.72109375 0.1015625 0.1265625
1 0.37734375 0.7984375 0.0171875 0.0171875
1 0.37421875 0.815625 0.021875 0.0140625
1 0.41171875 0.80859375 0.0234375 0.01875
1 0.315625 0.59453125 0.0328125 0.0421875
1 0.38671875 0.59765625 0.075 0.0546875
1 0.23671875 0.4625 0.1328125 0.184375
1 0.2671875 0.36640625 0.0984375 0.1328125
1 0.29609375 0.32734375 0.05 0.065625
1 0.0375 0.63671875 0.05 0.046875
1 0.00703125 0.21015625 0.0140625 0.0515625