1 0.8078125 0.47265625 0.14375 0.16875
1 0.7171875 0.61484375 0.1234375 0.16875
1 0.6265625 0.7484375 0.1328125 0.1765625
1 0.58984375 0.284375 0.0828125 0.096875
1 0.78984375 0.25859375 0.1234375 0.1140625
1 0.9328125 0.4 0.05 0.0671875
1 0.975 0.5875 0.040625 0.0453125
1 0.9 0.85703125 0.03125 0.0296875
1 0.88203125 0.88671875 0.0875 0.0484375
1 0.9796875 0.3921875 0.040625 0.065625
1 0.984375 0.3265625 0.03125 0.10625
1 0.69609375 0.11796875 0.0453125 0.0484375
1 0.73359375 0.15 0.0421875 0.04375
1 0.7578125 0.190625 0.05 0.0484375
1 0.64375 0.10078125 0.0828125 0.0984375
1 0.51640625 0.421875 0.025 0.0390625
1 0.5296875 0.44453125 0.025 0.040625
1 0.5453125 0.47890625 0.01875 0.0234375
1 0.4921875 0.5875 0.03125 0.0546875
1 0.5 0.621875 0.0296875 0.0390625
1 0.50859375 0.6453125 0.0265625 0.025
1 0.43828125 0.7109375 0.059375 0.1265625
1 0.4390625 0.49921875 0.0203125 0.0234375
1 0.50078125 0.40625 0.0125 0.01875
1 0.48359375 0.34453125 0.015625 0.025
1 0.5390625 0.27734375 0.01875 0.0359375
1 0.503125 0.23828125 0.015625 0.0234375
1 0.509375 0.25390625 0.0171875 0.03125
1 0.521875 0.2578125 0.0390625 0.071875
1 0.5078125 0.18828125 0.0234375 0.0296875
1 0.52265625 0.209375 0.0234375 0.0359375
1 0.303125 0.51015625 0.0078125 0.0109375
1 0.31484375 0.5109375 0.009375 0.009375
1 0.32734375 0.50703125 0.0078125 0.0109375
1 0.34296875 0.5 0.0078125 0.009375
1 0.353125 0.49765625 0.0078125 0.0109375
1 0.3703125 0.49296875 0.0078125 0.0109375
1 0.37109375 0.5171875 0.00625 0.009375
1 0.365625 0.53515625 0.0046875 0.0109375
1 0.2890625 0.51484375 0.009375 0.0109375
1 0.2921875 0.5015625 0.0078125 0.009375
1 0.2796875 0.528125 0.0078125 0.009375
1 0.2765625 0.54375 0.0078125 0.0078125
1 0.26640625 0.56484375 0.003125 0.0046875
1 0.21328125 0.4953125 0.009375 0.0109375
1 0.2109375 0.509375 0.0109375 0.0125
1 0.2046875 0.52734375 0.009375 0.0109375
1 0.184375 0.50078125 0.009375 0.009375
1 0.18828125 0.48203125 0.0109375 0.0078125
1 0.125 0.51640625 0.028125 0.0421875
1 0.11796875 0.55078125 0.0265625 0.03125
1 0.115625 0.590625 0.0234375 0.034375
1 0.14375 0.471875 0.021875 0.028125
1 0.04140625 0.421875 0.0203125 0.0203125
1 0.0234375 0.43125 0.01875 0.021875
1 0.0109375 0.4515625 0.0203125 0.0203125
1 0.02265625 0.3984375 0.0171875 0.015625
1 0.00546875 0.53828125 0.0109375 0.0234375
1 0.02578125 0.53828125 0.0171875 0.015625
1 0.0734375 0.52734375 0.0265625 0.0296875
1 0.01640625 0.5875 0.0109375 0.0125
1 0.08046875 0.57890625 0.05 0.0421875
1 0.0484375 0.625 0.03125 0.03125