1 0.10625 0.11875 0.13671875 0.1234375
1 0.153125 0.240625 0.0703125 0.0703125
1 0.10859375 0.2078125 0.0578125 0.06953125
1 0.08046875 0.353125 0.01640625 0.021875
1 0.26328125 0.128125 0.0484375 0.04296875
1 0.21953125 0.021875 0.059375 0.04296875
1 0.21875 0.115625 0.021875 0.0328125
1 0.334375 0.25390625 0.0390625 0.05546875
1 0.4359375 0.17109375 0.078125 0.06328125
1 0.446875 0.2015625 0.0421875 0.04765625
1 0.62421875 0.1546875 0.0640625 0.08671875
1 0.6328125 0.0140625 0.0421875 0.028125
1 0.64921875 0.04921875 0.0546875 0.046875
1 0.77578125 0.01953125 0.06015625 0.0390625
1 0.1734375 0.425 0.05625 0.05859375
1 0.41328125 0.2953125 0.0671875 0.0984375
1 0.36328125 0.40859375 0.078125 0.146875
1 0.4578125 0.39375 0.0578125 0.0609375
1 0.45234375 0.46953125 0.05859375 0.0703125
1 0.60078125 0.42734375 0.11953125 0.0734375
1 0.55703125 0.24765625 0.1328125 0.1734375
1 0.084375 0.61328125 0.02734375 0.03359375
1 0.196875 0.5734375 0.09140625 0.12421875
1 0.10546875 0.45078125 0.01484375 0.02109375
1 0.2078125 0.665625 0.01796875 0.01640625
1 0.40703125 0.57734375 0.0796875 0.05546875
1 0.3546875 0.60859375 0.0390625 0.03359375
1 0.396875 0.65 0.071875 0.06953125
1 0.36953125 0.70390625 0.0640625 0.09140625
1 0.396875 0.78046875 0.0234375 0.0359375
1 0.48359375 0.759375 0.0390625 0.06875
1 0.50546875 0.69765625 0.04609375 0.0484375
1 0.85078125 0.571875 0.1203125 0.0546875
1 0.84296875 0.65078125 0.025 0.02578125
1 0.86875 0.65859375 0.01953125 0.02578125
1 0.75859375 0.2890625 0.09609375 0.065625
1 0.765625 0.3375 0.03125 0.0328125
1 0.91328125 0.1890625 0.11484375 0.07109375
1 0.9546875 0.10234375 0.04453125 0.05234375
1 0.9890625 0.13359375 0.021875 0.0328125
1 0.2 0.2640625 0.03515625 0.03671875
1 0.84921875 0.38515625 0.11328125 0.0546875
1 0.85234375 0.33828125 0.15078125 0.065625
1 0.77578125 0.38125 0.0421875 0.04140625
1 0.94765625 0.36015625 0.0421875 0.05