1 0.7328125 0.19296875 0.121875 0.1734375
1 0.79375 0.35390625 0.096875 0.115625
1 0.94140625 0.384375 0.0671875 0.0734375
1 0.934375 0.4484375 0.0359375 0.040625
1 0.890625 0.5625 0.0359375 0.040625
1 0.865625 0.603125 0.05 0.046875
1 0.7875 0.71953125 0.0453125 0.05625
1 0.809375 0.753125 0.04375 0.046875
1 0.878125 0.840625 0.1046875 0.0828125
1 0.83359375 0.87578125 0.103125 0.0703125
1 0.796875 0.98125 0.05 0.0375
1 0.57109375 0.87109375 0.0765625 0.09375
1 0.525 0.7296875 0.0515625 0.059375
1 0.4953125 0.6109375 0.0375 0.040625
1 0.55703125 0.37734375 0.0484375 0.0578125
1 0.640625 0.25546875 0.034375 0.0390625
1 0.6421875 0.3078125 0.08125 0.0828125
1 0.6109375 0.1453125 0.0703125 0.0734375
1 0.60703125 0.225 0.05 0.05625
1 0.53046875 0.25546875 0.0421875 0.05
1 0.52109375 0.371875 0.0546875 0.0734375
1 0.4703125 0.3796875 0.046875 0.0484375
1 0.4265625 0.4171875 0.0375 0.034375
1 0.43515625 0.45078125 0.04375 0.0390625
1 0.42109375 0.5234375 0.084375 0.09375
1 0.446875 0.57109375 0.03125 0.0421875
1 0.38125 0.58046875 0.0265625 0.028125
1 0.403125 0.70703125 0.0296875 0.0328125
1 0.69140625 0.6890625 0.021875 0.025
1 0.7203125 0.565625 0.0234375 0.034375
1 0.73046875 0.509375 0.01875 0.021875
1 0.63984375 0.4421875 0.01875 0.0234375
1 0.590625 0.51953125 0.028125 0.0328125
1 0.61171875 0.5421875 0.05625 0.0703125
1 0.46875 0.26015625 0.040625 0.0421875
1 0.42890625 0.20703125 0.046875 0.0484375
1 0.47890625 0.12890625 0.046875 0.065625
1 0.540625 0.18984375 0.0453125 0.053125
1 0.48828125 0.0578125 0.05 0.05
1 0.4234375 0.10546875 0.0453125 0.0515625
1 0.35078125 0.23125 0.159375 0.2046875
1 0.234375 0.2265625 0.1296875 0.1453125
1 0.31328125 0.421875 0.1453125 0.134375
1 0.3359375 0.51953125 0.0546875 0.05625
1 0.17578125 0.44921875 0.1421875 0.1328125
1 0.165625 0.55859375 0.115625 0.125
1 0.10703125 0.603125 0.071875 0.08125
1 0.065625 0.40546875 0.125 0.1890625
1 0.128125 0.22890625 0.075 0.084375
1 0.084375 0.20234375 0.0625 0.0890625
1 0.1546875 0.0765625 0.0765625 0.090625
1 0.134375 0.14765625 0.0515625 0.0546875
1 0.165625 0.27265625 0.0453125 0.0453125
1 0.27578125 0.10625 0.0546875 0.05
1 0.2734375 0.0328125 0.13125 0.065625
1 0.03203125 0.6921875 0.0640625 0.071875
1 0.13125 0.70859375 0.0515625 0.075
1 0.25703125 0.69609375 0.040625 0.0515625