1 0.84453125 0.17890625 0.1421875 0.1546875
1 0.72265625 0.3375 0.1203125 0.1890625
1 0.70859375 0.44140625 0.1171875 0.1484375
1 0.646875 0.5234375 0.0734375 0.059375
1 0.73671875 0.59609375 0.109375 0.1234375
1 0.7828125 0.7640625 0.0625 0.053125
1 0.640625 0.84375 0.1578125 0.1640625
1 0.5375 0.825 0.053125 0.05
1 0.5515625 0.971875 0.05 0.05625
1 0.40234375 0.8859375 0.046875 0.040625
1 0.4484375 0.775 0.0640625 0.075
1 0.5046875 0.68359375 0.05625 0.0765625
1 0.4609375 0.621875 0.1046875 0.2046875
1 0.52265625 0.6125 0.0640625 0.08125
1 0.52890625 0.503125 0.084375 0.08125
1 0.45 0.42734375 0.0984375 0.0921875
1 0.35 0.30703125 0.0703125 0.0953125
1 0.45703125 0.3140625 0.121875 0.1171875
1 0.53125 0.31328125 0.0796875 0.1796875
1 0.59609375 0.2828125 0.071875 0.0875
1 0.34765625 0.1828125 0.1296875 0.115625
1 0.2375 0.63828125 0.1046875 0.140625
1 0.29453125 0.58125 0.034375 0.04375
1 0.31875 0.703125 0.0453125 0.0453125
1 0.09765625 0.678125 0.1109375 0.1609375
1 0.1546875 0.459375 0.0328125 0.0296875
1 0.2484375 0.46796875 0.040625 0.03125
1 0.38671875 0.51796875 0.0421875 0.034375
1 0.21640625 0.04609375 0.0578125 0.065625
1 0.32890625 0.08203125 0.04375 0.046875
1 0.44140625 0.0953125 0.059375 0.0640625
1 0.5296875 0.12578125 0.0859375 0.121875
1 0.16015625 0.0203125 0.0578125 0.040625
1 0.09921875 0.09921875 0.0484375 0.071875
1 0.06953125 0.17890625 0.046875 0.0703125
1 0.80625 0.84375 0.0828125 0.0890625
1 0.8375 0.77421875 0.0453125 0.06875