1 0.0515625 0.09453125 0.0890625 0.1578125
1 0.34375 0.08671875 0.06953125 0.08671875
1 0.26796875 0.2328125 0.08046875 0.1046875
1 0.54140625 0.28046875 0.1375 0.184375
1 0.5640625 0.14921875 0.040625 0.07109375
1 0.4234375 0.3015625 0.05234375 0.078125
1 0.38125 0.45 0.1140625 0.12265625
1 0.384375 0.646875 0.096875 0.15625
1 0.44921875 0.52578125 0.1046875 0.16640625
1 0.4921875 0.61640625 0.046875 0.07421875
1 0.55390625 0.60859375 0.07734375 0.1421875
1 0.54921875 0.50859375 0.065625 0.05546875
1 0.58203125 0.4390625 0.084375 0.11171875
1 0.67421875 0.45234375 0.06796875 0.15
1 0.66953125 0.321875 0.03828125 0.07734375
1 0.72109375 0.35546875 0.06640625 0.14609375
1 0.784375 0.51875 0.059375 0.178125
1 0.69375 0.58984375 0.0484375 0.053125
1 0.6078125 0.69296875 0.06796875 0.23984375
1 0.65625 0.746875 0.0390625 0.06640625
1 0.6734375 0.709375 0.03828125 0.03203125
1 0.71640625 0.671875 0.0515625 0.04296875
1 0.76796875 0.6828125 0.03984375 0.159375
1 0.7203125 0.81328125 0.0390625 0.05234375
1 0.6953125 0.8953125 0.04609375 0.0546875
1 0.61875 0.9125 0.02421875 0.03515625
1 0.60078125 0.98671875 0.034375 0.02578125
1 0.70625 0.9671875 0.02578125 0.03515625
1 0.7734375 0.83359375 0.07109375 0.16640625
1 0.8328125 0.77109375 0.0609375 0.18203125
1 0.8609375 0.93046875 0.028125 0.10546875
1 0.8265625 0.95703125 0.0171875 0.04140625
1 0.84609375 0.62890625 0.025 0.06796875
1 0.840625 0.55625 0.0265625 0.05703125
1 0.8421875 0.49375 0.0234375 0.025
1 0.86015625 0.52734375 0.028125 0.0484375
1 0.88671875 0.575 0.01796875 0.0390625
1 0.9078125 0.6046875 0.0171875 0.04453125
1 0.89765625 0.65859375 0.0328125 0.0765625
1 0.9359375 0.6359375 0.03515625 0.0734375
1 0.94609375 0.76640625 0.02578125 0.1078125
1 0.975 0.79375 0.0171875 0.08359375
1 0.98046875 0.8546875 0.0265625 0.06171875
1 0.91484375 0.7640625 0.01015625 0.05390625
1 0.9265625 0.76015625 0.02421875 0.06953125
1 0.9375 0.846875 0.015625 0.0453125
1 0.95546875 0.89375 0.01875 0.03671875
1 0.98359375 0.91484375 0.01640625 0.03515625
1 0.93125 0.953125 0.0078125 0.015625