1 0.315625 0.15 0.1640625 0.1328125
1 0.44921875 0.1 0.1 0.075
1 0.5421875 0.171875 0.09375 0.0796875
1 0.41171875 0.21484375 0.0953125 0.06875
1 0.2953125 0.29921875 0.0984375 0.0734375
1 0.5 0.28984375 0.0875 0.0703125
1 0.3859375 0.3765625 0.103125 0.0828125
1 0.25703125 0.4125 0.128125 0.0828125
1 0.2671875 0.5125 0.0890625 0.0796875
1 0.59453125 0.44453125 0.1703125 0.1015625
1 0.7671875 0.44140625 0.1234375 0.0953125
1 0.71953125 0.56171875 0.13125 0.0703125
1 0.81484375 0.603125 0.1375 0.0921875
1 0.31953125 0.709375 0.1359375 0.1015625
1 0.2984375 0.609375 0.1125 0.0890625
1 0.22578125 0.58125 0.0828125 0.05625
1 0.5921875 0.6640625 0.1234375 0.1
1 0.4703125 0.9046875 0.228125 0.153125