1 0.1859375 0.22265625 0.06796875 0.06484375
1 0.30546875 0.2046875 0.140625 0.11640625
1 0.41328125 0.36328125 0.05859375 0.0625
1 0.3015625 0.521875 0.05546875 0.0609375
1 0.428125 0.8390625 0.15 0.26328125
1 0.5390625 0.38046875 0.11796875 0.16015625
1 0.52890625 0.21640625 0.0421875 0.05703125
1 0.52421875 0.1015625 0.16484375 0.15625
1 0.746875 0.0875 0.06953125 0.10859375
1 0.8734375 0.3703125 0.11015625 0.1546875
1 0.6484375 0.6953125 0.128125 0.171875
1 0.7734375 0.6671875 0.1046875 0.12578125
1 0.05625 0.83125 0.05390625 0.078125
1 0.021875 0.2453125 0.04375 0.109375
1 0.94453125 0.1 0.084375 0.12265625
1 0.953125 0.234375 0.09375 0.10390625