1 0.1203125 0.27890625 0.1578125 0.1765625
1 0.0546875 0.15859375 0.0859375 0.109375
1 0.221875 0.14609375 0.1015625 0.0953125
1 0.34765625 0.1515625 0.1125 0.171875
1 0.42578125 0.40234375 0.08125 0.2546875
1 0.49453125 0.3265625 0.0921875 0.1234375
1 0.6734375 0.66015625 0.0796875 0.1
1 0.82734375 0.71796875 0.15 0.190625
1 0.528125 0.83671875 0.090625 0.1015625
1 0.534375 0.93828125 0.0921875 0.084375
1 0.49765625 0.65546875 0.0921875 0.1109375
1 0.35625 0.603125 0.1375 0.128125
1 0.31796875 0.421875 0.1671875 0.1796875
1 0.16171875 0.459375 0.1171875 0.140625
1 0.28828125 0.75546875 0.0578125 0.05
1 0.08359375 0.7359375 0.0484375 0.0484375
1 0.1265625 0.93828125 0.134375 0.1234375
1 0.2015625 0.88203125 0.03125 0.03125
1 0.440625 0.8515625 0.15 0.296875
1 0.97890625 0.9203125 0.0421875 0.053125
1 0.8015625 0.11328125 0.190625 0.2265625
1 0.71328125 0.51953125 0.134375 0.20625
1 0.7046875 0.36328125 0.1578125 0.2203125