1 0.07734375 0.22734375 0.0359375 0.03125
1 0.1703125 0.2015625 0.0328125 0.03125
1 0.26953125 0.2984375 0.0453125 0.040625
1 0.32578125 0.40703125 0.034375 0.04375
1 0.240625 0.3765625 0.1125 0.1390625
1 0.11328125 0.4609375 0.1015625 0.1421875
1 0.24296875 0.784375 0.0734375 0.0734375
1 0.27734375 0.734375 0.05 0.0734375
1 0.40546875 0.75078125 0.090625 0.1046875
1 0.5453125 0.7140625 0.0421875 0.0421875
1 0.65234375 0.81875 0.0453125 0.040625
1 0.5265625 0.83203125 0.0515625 0.059375
1 0.63359375 0.575 0.0328125 0.0328125
1 0.8390625 0.66484375 0.0765625 0.0859375
1 0.4734375 0.55078125 0.04375 0.0375
1 0.484375 0.43203125 0.05625 0.0796875
1 0.57734375 0.45546875 0.0671875 0.071875
1 0.68828125 0.43203125 0.14375 0.18125
1 0.79765625 0.31484375 0.0421875 0.0515625
1 0.828125 0.37421875 0.0875 0.0828125
1 0.84921875 0.30859375 0.0546875 0.059375
1 0.715625 0.16328125 0.125 0.159375
1 0.60078125 0.128125 0.0734375 0.075
1 0.50546875 0.33671875 0.0625 0.078125
1 0.43515625 0.28125 0.10625 0.2
1 0.503125 0.25859375 0.06875 0.078125
1 0.46328125 0.1296875 0.078125 0.0828125
1 0.365625 0.0875 0.0984375 0.10625
1 0.63203125 0.0484375 0.1015625 0.096875
1 0.32890625 0.203125 0.0484375 0.0484375
1 0.17578125 0.2015625 0.0546875 0.0390625
1 0.075 0.2265625 0.05 0.034375