1 0.25625 0.159375 0.08125 0.078125
1 0.3765625 0.16875 0.1625 0.1453125
1 0.44609375 0.34765625 0.071875 0.0734375
1 0.3015625 0.4765625 0.0671875 0.071875
1 0.35390625 0.8140625 0.2046875 0.290625
1 0.56484375 0.3921875 0.1515625 0.1828125
1 0.5921875 0.23046875 0.0546875 0.065625
1 0.61328125 0.1171875 0.1953125 0.1890625
1 0.83359375 0.15390625 0.0921875 0.121875
1 0.89296875 0.4578125 0.1421875 0.175
1 0.60078125 0.7234375 0.1640625 0.196875
1 0.72890625 0.72421875 0.1296875 0.146875
1 0.0140625 0.721875 0.028125 0.0875
1 0.09140625 0.14453125 0.0671875 0.1171875
1 0.984375 0.21015625 0.03125 0.1390625
1 0.971875 0.3421875 0.05625 0.121875