1 0.196875 0.0796875 0.115625 0.159375
1 0.2953125 0.29140625 0.1078125 0.165625
1 0.3515625 0.08515625 0.059375 0.0828125
1 0.38046875 0.16875 0.0453125 0.053125
1 0.50625 0.1625 0.025 0.046875
1 0.50390625 0.24453125 0.0328125 0.0546875
1 0.41171875 0.246875 0.0171875 0.03125
1 0.47421875 0.1609375 0.025 0.028125
1 0.5734375 0.19296875 0.0296875 0.034375
1 0.6109375 0.28046875 0.03125 0.0296875
1 0.60859375 0.06171875 0.05 0.071875
1 0.684375 0.09609375 0.0484375 0.1015625
1 0.02890625 0.33515625 0.0484375 0.05625
1 0.25078125 0.58828125 0.046875 0.0515625
1 0.32890625 0.4796875 0.021875 0.028125
1 0.32890625 0.42578125 0.0234375 0.0234375
1 0.340625 0.38125 0.05625 0.03125
1 0.078125 0.7578125 0.1015625 0.2546875
1 0.38671875 0.734375 0.0453125 0.078125
1 0.45859375 0.58125 0.0578125 0.05625
1 0.421875 0.62578125 0.025 0.0203125
1 0.309375 0.82578125 0.0390625 0.0375
1 0.4953125 0.84140625 0.0640625 0.0640625
1 0.52421875 0.89296875 0.0671875 0.0671875
1 0.4453125 0.734375 0.046875 0.078125
1 0.5765625 0.7328125 0.06875 0.0984375
1 0.64921875 0.5296875 0.075 0.0703125
1 0.79921875 0.6328125 0.0734375 0.0828125
1 0.91875 0.6984375 0.05 0.0859375
1 0.92578125 0.91796875 0.090625 0.0671875
1 0.9609375 0.96328125 0.0484375 0.05
1 0.9640625 0.33828125 0.071875 0.1203125
1 0.83203125 0.10078125 0.0578125 0.06875
1 0.94453125 0.20859375 0.1015625 0.1046875
1 0.98046875 0.24765625 0.0390625 0.1046875
1 0.9625 0.0796875 0.0609375 0.0546875
1 0.921875 0.0859375 0.03125 0.034375
1 0.8359375 0.01875 0.0421875 0.015625
1 0.4 0.30234375 0.0421875 0.065625
1 0.37265625 0.3359375 0.046875 0.0578125