1 0.20625 0.12578125 0.1125 0.165625
1 0.04609375 0.42109375 0.06953125 0.09453125
1 0.3203125 0.37265625 0.11875 0.16171875
1 0.3703125 0.16171875 0.06796875 0.08125
1 0.125 0.84296875 0.1 0.253125
1 0.6359375 0.13046875 0.04453125 0.08046875
1 0.71640625 0.16796875 0.0609375 0.1125
1 0.909375 0.03984375 0.05546875 0.05625
1 0.8671875 0.18515625 0.06171875 0.065625
1 0.98046875 0.17265625 0.0390625 0.0640625
1 0.9625 0.29921875 0.075 0.0984375
1 0.97109375 0.428125 0.0578125 0.115625
1 0.82890625 0.721875 0.06953125 0.0625
1 0.9453125 0.7875 0.0359375 0.0875
1 0.9546875 0.97109375 0.0875 0.0578125
1 0.359375 0.9078125 0.04140625 0.0546875
1 0.43125 0.81875 0.05546875 0.08046875
1 0.49921875 0.80859375 0.05234375 0.0828125
1 0.615625 0.81015625 0.07109375 0.09375
1 0.54140625 0.91875 0.0609375 0.0640625
1 0.571875 0.9640625 0.0625 0.071875
1 0.47109375 0.71640625 0.03828125 0.0234375
1 0.36875 0.56640625 0.03359375 0.03671875
1 0.49609375 0.66484375 0.05234375 0.053125
1 0.36484375 0.5140625 0.03125 0.0296875
1 0.37265625 0.46640625 0.0609375 0.0296875
1 0.41875 0.5421875 0.0546875 0.06953125
1 0.5734375 0.65625 0.04765625 0.059375
1 0.48671875 0.59375 0.05625 0.07109375
1 0.43046875 0.38359375 0.040625 0.05546875
1 0.53515625 0.328125 0.0375 0.05234375
1 0.4015625 0.4234375 0.0375 0.06171875
1 0.40390625 0.23671875 0.04453125 0.0515625
1 0.5390625 0.2359375 0.025 0.046875
1 0.68828125 0.6203125 0.0671875 0.075