1 0.5984375 0.06328125 0.05078125 0.059375
1 0.559375 0.15625 0.05703125 0.08125
1 0.5609375 0.253125 0.04921875 0.09453125
1 0.4203125 0.47890625 0.1265625 0.26875
1 0.5640625 0.67734375 0.109375 0.16328125
1 0.80859375 0.80625 0.0859375 0.15234375
1 0.66796875 0.0828125 0.05859375 0.0671875
1 0.80390625 0.10390625 0.0453125 0.0421875
1 0.9328125 0.1 0.0671875 0.071875
1 0.86796875 0.20703125 0.146875 0.10078125
1 0.928125 0.3484375 0.0625 0.1
1 0.9859375 0.30390625 0.028125 0.078125
1 0.80546875 0.55 0.05703125 0.0453125
1 0.91171875 0.5375 0.05234375 0.046875
1 0.93984375 0.73359375 0.1203125 0.15625
1 0.4140625 0.7328125 0.0640625 0.0609375
1 0.41015625 0.96640625 0.0890625 0.0671875
1 0.14609375 0.109375 0.153125 0.1515625
1 0.32734375 0.203125 0.1359375 0.2015625
1 0.2734375 0.38125 0.13828125 0.18671875
1 0.2203125 0.59296875 0.153125 0.18828125
1 0.08203125 0.44765625 0.09921875 0.18515625
1 0.03125 0.25859375 0.06171875 0.1625
1 0.02265625 0.37578125 0.03359375 0.04375
1 0.0171875 0.45625 0.028125 0.0421875
1 0.01015625 0.521875 0.01875 0.04765625
1 0.0609375 0.60859375 0.0484375 0.04609375
1 0.04375 0.70625 0.059375 0.06953125
1 0.11953125 0.76640625 0.03515625 0.03046875
1 0.0921875 0.8984375 0.05234375 0.06015625
1 0.13984375 0.95078125 0.02734375 0.04140625
1 0.05 0.9828125 0.05859375 0.034375