1 0.10078125 0.38828125 0.2015625 0.2328125
1 0.26015625 0.6828125 0.2078125 0.2875
1 0.33828125 0.91796875 0.075 0.071875
1 0.3515625 0.9875 0.0625 0.025
1 0.3609375 0.82734375 0.1109375 0.0953125
1 0.40390625 0.746875 0.09375 0.115625
1 0.44609375 0.66640625 0.0921875 0.0859375
1 0.6078125 0.52578125 0.0828125 0.103125
1 0.3828125 0.4546875 0.06875 0.078125
1 0.33203125 0.35546875 0.0921875 0.109375
1 0.725 0.1984375 0.0953125 0.1234375
1 0.86796875 0.209375 0.0921875 0.1609375
1 0.74296875 0.81640625 0.040625 0.0375