1 0.13515625 0.29375 0.0796875 0.078125
1 0.2484375 0.2515625 0.1625 0.14375
1 0.38671875 0.384375 0.0703125 0.0734375
1 0.31015625 0.5625 0.0671875 0.071875
1 0.5 0.846875 0.2015625 0.2890625
1 0.51328125 0.375 0.1484375 0.18125
1 0.46953125 0.21640625 0.053125 0.0640625
1 0.440625 0.10546875 0.19375 0.1875
1 0.6546875 0.05234375 0.090625 0.1046875
1 0.83828125 0.2953125 0.140625 0.1734375
1 0.6859375 0.66015625 0.1609375 0.1953125
1 0.80234375 0.60703125 0.128125 0.1453125
1 0.13515625 0.91640625 0.06875 0.0875
1 0.85078125 0.0421875 0.1078125 0.084375
1 0.88828125 0.14609375 0.1140625 0.121875