1 0.78359375 0.12421875 0.1203125 0.1359375
1 0.69140625 0.3015625 0.090625 0.1765625
1 0.6953125 0.40625 0.0953125 0.13359375
1 0.6484375 0.49765625 0.06640625 0.0484375
1 0.75 0.553125 0.09140625 0.10859375
1 0.82421875 0.7109375 0.05546875 0.04375
1 0.6984375 0.8140625 0.1359375 0.1421875
1 0.59296875 0.81328125 0.046875 0.04296875
1 0.63359375 0.9578125 0.040625 0.053125
1 0.47109375 0.896875 0.04140625 0.03359375
1 0.496875 0.7796875 0.053125 0.0671875
1 0.53671875 0.6796875 0.04453125 0.06953125
1 0.4828125 0.6265625 0.071875 0.19453125
1 0.5421875 0.60703125 0.0515625 0.0734375
1 0.52890625 0.4984375 0.07265625 0.06953125
1 0.43828125 0.4375 0.08671875 0.078125
1 0.31875 0.3359375 0.05546875 0.0875
1 0.425 0.32421875 0.10546875 0.10078125
1 0.4984375 0.3109375 0.05 0.17421875
1 0.55703125 0.26953125 0.05859375 0.07890625
1 0.29453125 0.2140625 0.1140625 0.09765625
1 0.265625 0.68203125 0.084375 0.128125
1 0.31171875 0.615625 0.028125 0.0390625
1 0.35703125 0.73125 0.03984375 0.03828125
1 0.134375 0.7453125 0.08671875 0.1484375
1 0.153125 0.51953125 0.0296875 0.025
1 0.246875 0.5125 0.0375 0.025
1 0.39140625 0.5375 0.03828125 0.028125
1 0.1421875 0.10234375 0.0484375 0.05859375
1 0.25859375 0.11796875 0.03671875 0.040625
1 0.371875 0.11171875 0.05 0.05546875
1 0.4640625 0.1265625 0.0671875 0.1125
1 0.08203125 0.08515625 0.0515625 0.03671875
1 0.0359375 0.175 0.0375 0.06640625
1 0.0203125 0.25859375 0.03671875 0.06484375
1 0.8609375 0.78515625 0.07109375 0.07734375
1 0.8796875 0.71171875 0.034375 0.06328125