1 0.0921875 0.17421875 0.146875 0.1890625
1 0.24609375 0.35546875 0.1390625 0.1828125
1 0.24296875 0.1421875 0.0734375 0.0921875
1 0.29375 0.21484375 0.0546875 0.0609375
1 0.41328125 0.17421875 0.034375 0.05
1 0.43359375 0.253125 0.0421875 0.059375
1 0.3453125 0.28125 0.0234375 0.034375
1 0.38203125 0.18046875 0.0296875 0.03125
1 0.4859375 0.184375 0.0359375 0.0390625
1 0.54609375 0.25859375 0.0359375 0.034375
1 0.48359375 0.04921875 0.0625 0.0796875
1 0.56640625 0.0609375 0.06875 0.1078125
1 0.01484375 0.47109375 0.0296875 0.0640625
1 0.284375 0.65390625 0.05625 0.059375
1 0.3296875 0.528125 0.0265625 0.0328125
1 0.315625 0.47578125 0.028125 0.028125
1 0.3140625 0.4296875 0.0609375 0.0421875
1 0.165625 0.8640625 0.1515625 0.2671875
1 0.45625 0.75625 0.0609375 0.0859375
1 0.4828125 0.58984375 0.0671875 0.0671875
1 0.459375 0.6421875 0.0296875 0.025
1 0.40703125 0.865625 0.0453125 0.04375
1 0.5890625 0.8296875 0.075 0.075
1 0.63203125 0.87109375 0.078125 0.0796875
1 0.5125 0.73984375 0.0609375 0.0859375
1 0.6375 0.70234375 0.0859375 0.109375
1 0.6515625 0.4875 0.0875 0.084375
1 0.82421875 0.5453125 0.0875 0.0953125
1 0.9578125 0.575 0.0671875 0.09375
1 0.98671875 0.784375 0.0265625 0.084375
1 0.90234375 0.2171875 0.0953125 0.13125
1 0.70859375 0.03125 0.0703125 0.0625
1 0.846875 0.096875 0.1203125 0.121875
1 0.89765625 0.12421875 0.0703125 0.1125
1 0.34921875 0.33828125 0.0546875 0.0734375
1 0.3328125 0.37734375 0.05625 0.065625