1 0.55390625 0.27265625 0.28515625 0.2140625
1 0.46875 0.46328125 0.2953125 0.19765625
1 0.75625 0.55078125 0.24921875 0.2765625
1 0.40859375 0.70234375 0.29765625 0.215625
1 0.78359375 0.840625 0.10625 0.0765625
1 0.13359375 0.525 0.1640625 0.20546875
1 0.0828125 0.71171875 0.0890625 0.0609375
1 0.046875 0.80625 0.08203125 0.0609375
1 0.1890625 0.8953125 0.08984375 0.05078125
1 0.19140625 0.1890625 0.31640625 0.1578125
1 0.965625 0.225 0.059375 0.090625
1 0.9796875 0.3234375 0.040625 0.08359375