1 0.11953125 0.17109375 0.03203125 0.02734375
1 0.21484375 0.15859375 0.02890625 0.028125
1 0.3 0.26796875 0.040625 0.03515625
1 0.340625 0.38359375 0.0296875 0.040625
1 0.26015625 0.34140625 0.0953125 0.12734375
1 0.12265625 0.4078125 0.08359375 0.13125
1 0.20625 0.74609375 0.06484375 0.065625
1 0.246875 0.70078125 0.040625 0.06796875
1 0.371875 0.73515625 0.07890625 0.09453125
1 0.51484375 0.71796875 0.03671875 0.03671875
1 0.60625 0.83671875 0.04140625 0.03515625
1 0.4796875 0.8328125 0.0453125 0.053125
1 0.621875 0.59296875 0.0296875 0.0296875
1 0.8125 0.71015625 0.06640625 0.078125
1 0.46640625 0.546875 0.0390625 0.0328125
1 0.49375 0.43046875 0.046875 0.07421875
1 0.5828125 0.46640625 0.059375 0.06484375
1 0.69609375 0.45859375 0.12265625 0.165625
1 0.8203125 0.3578125 0.0359375 0.04765625
1 0.8421875 0.42109375 0.07734375 0.0734375
1 0.87265625 0.359375 0.0484375 0.053125
1 0.76015625 0.196875 0.10546875 0.146875
1 0.6515625 0.14609375 0.06484375 0.0671875
1 0.528125 0.3390625 0.053125 0.07109375
1 0.46640625 0.27421875 0.0796875 0.19140625
1 0.53671875 0.26171875 0.06015625 0.0703125
1 0.51484375 0.128125 0.06796875 0.0734375
1 0.42421875 0.07265625 0.08671875 0.09453125
1 0.69609375 0.05703125 0.0859375 0.1140625
1 0.371875 0.18203125 0.04296875 0.04296875
1 0.2203125 0.159375 0.05 0.03203125
1 0.1171875 0.1703125 0.04609375 0.02890625