1 0.39921875 0.1171875 0.1453125 0.103125
1 0.540625 0.09921875 0.0890625 0.05625
1 0.61484375 0.18984375 0.08203125 0.06328125
1 0.478125 0.20234375 0.08671875 0.05
1 0.3453125 0.25859375 0.0890625 0.0546875
1 0.54765625 0.2953125 0.0765625 0.0546875
1 0.41640625 0.35390625 0.09140625 0.0640625
1 0.2828125 0.36015625 0.11796875 0.05703125
1 0.2703125 0.46015625 0.07734375 0.06328125
1 0.6046875 0.4671875 0.159375 0.0671875
1 0.7734375 0.503125 0.109375 0.071875
1 0.7 0.609375 0.12421875 0.04296875
1 0.78359375 0.67109375 0.1265625 0.065625
1 0.27734375 0.66328125 0.121875 0.0765625
1 0.27890625 0.5609375 0.09921875 0.06875
1 0.21484375 0.5171875 0.07578125 0.03984375
1 0.553125 0.68046875 0.10859375 0.078125
1 0.3796875 0.8875 0.209375 0.10859375