1 0.26875 0.071875 0.059375 0.05625
1 0.3609375 0.10625 0.1078125 0.0984375
1 0.4984375 0.06640625 0.115625 0.0578125
1 0.38359375 0.18828125 0.053125 0.040625
1 0.57890625 0.1453125 0.0609375 0.0515625
1 0.50078125 0.2328125 0.0671875 0.0546875
1 0.6078125 0.2015625 0.09375 0.090625
1 0.60859375 0.28046875 0.0671875 0.0609375
1 0.4234375 0.3234375 0.0625 0.0546875
1 0.20546875 0.29765625 0.0703125 0.0671875
1 0.70390625 0.26484375 0.0375 0.0359375
1 0.5914927546875 0 0.576045115625 0.029166529687499998 0.73083238125 0.099917165625 0.7656174874999999 0.083904596875 0.7998672046874999 0.039609575 0.7841830765625 0.0196760390625 0.735839025 0 0.5914927546875 0
1 0.2965478515625 0.4507775234375 0.4644066578125 0.450681284375 0.4725769890625 0.4156455296875 0.2919572453125 0.31011017343749997 0.23756783750000002 0.3365784671875 0.2965478515625 0.4507775234375
1 0.55078125 0.44296875 0.071875 0.053125
1 0.73515625 0.4015625 0.0484375 0.0375
1 0.35 0.4875 0.0859375 0.05
1 0.4109375 0.54765625 0.0953125 0.065625
1 0.58828125 0.528125 0.1765625 0.128125
1 0.75078125 0.4703125 0.05625 0.0484375
1 0.5609375 0.6109375 0.115625 0.06875
1 0.7640625 0.53828125 0.0578125 0.046875
1 0.87734375 0.59296875 0.0453125 0.0375
1 0.9125 0.73515625 0.0515625 0.0453125
1 0.70234375 0.70625 0.071875 0.05625
1 0.39296875 0.734375 0.11875 0.0796875
1 0.528125 0.82578125 0.075 0.046875
1 0.61484375 0.8140625 0.078125 0.0625
1 0.45 0.9203125 0.1125 0.0578125
1 0.57109375 0.96328125 0.090625 0.0625
1 0.65859375 0.9546875 0.0765625 0.053125