1 0.02265625 0.17890625 0.0453125 0.1703125
1 0.27421875 0.1203125 0.0828125 0.096875
1 0.225 0.27734375 0.096875 0.1171875
1 0.50234375 0.2765625 0.1671875 0.2046875
1 0.50234375 0.14375 0.053125 0.0765625
1 0.38984375 0.31796875 0.065625 0.0859375
1 0.37421875 0.47109375 0.134375 0.140625
1 0.41171875 0.66484375 0.121875 0.1703125
1 0.4546875 0.534375 0.13125 0.1828125
1 0.5125 0.615625 0.059375 0.08125
1 0.571875 0.59765625 0.1015625 0.153125
1 0.55 0.5 0.075 0.065625
1 0.5703125 0.42578125 0.103125 0.125
1 0.66328125 0.42265625 0.09375 0.159375
1 0.6359375 0.2953125 0.0515625 0.0828125
1 0.69296875 0.31953125 0.090625 0.1546875
1 0.78359375 0.46875 0.0890625 0.1859375
1 0.70625 0.5546875 0.05625 0.0609375
1 0.63984375 0.67109375 0.1078125 0.2484375
1 0.696875 0.715625 0.05 0.071875
1 0.70703125 0.67578125 0.04375 0.0375
1 0.74296875 0.63203125 0.0578125 0.0515625
1 0.7953125 0.63359375 0.0671875 0.1640625
1 0.77109375 0.7703125 0.046875 0.0578125
1 0.7609375 0.85546875 0.0546875 0.0625
1 0.68828125 0.8859375 0.0296875 0.0390625
1 0.68359375 0.96171875 0.0390625 0.03125
1 0.784375 0.92421875 0.03125 0.0390625
1 0.82734375 0.78125 0.0984375 0.1765625
1 0.875 0.709375 0.0921875 0.190625
1 0.93046875 0.8609375 0.0453125 0.109375
1 0.90078125 0.89375 0.0234375 0.04375
1 0.86328125 0.5671875 0.0359375 0.071875
1 0.8453125 0.49609375 0.0359375 0.0609375
1 0.8359375 0.434375 0.028125 0.028125
1 0.859375 0.4640625 0.0359375 0.053125
1 0.89375 0.50703125 0.025 0.0421875
1 0.91953125 0.53203125 0.025 0.046875
1 0.91953125 0.5875 0.0453125 0.08125
1 0.953125 0.5578125 0.046875 0.078125
1 0.98203125 0.68515625 0.0359375 0.1109375
1 0.9546875 0.68828125 0.01875 0.0546875
1 0.965625 0.68203125 0.0359375 0.0734375
1 0.98984375 0.765625 0.0203125 0.046875
1 0.9984375 0.87109375 0.003125 0.0171875