1 0.37109375 0.03125 0.05078125 0.04609375
1 0.453125 0.08515625 0.09296875 0.0796875
1 0.59609375 0.07734375 0.1109375 0.03359375
1 0.45703125 0.1703125 0.04765625 0.03046875
1 0.65703125 0.171875 0.05390625 0.040625
1 0.5609375 0.23984375 0.059375 0.0421875
1 0.671875 0.23359375 0.0796875 0.075
1 0.65546875 0.3109375 0.0578125 0.0484375
1 0.46484375 0.3109375 0.053125 0.04453125
1 0.25859375 0.23671875 0.059375 0.05546875
1 0.7515625 0.31640625 0.03125 0.02890625
1 0.7092211203125001 0.0246274859375 0.6800105703125 0.058340390625 0.8149152171875 0.16209725 0.8524108281249999 0.1543200296875 0.8957469390625 0.11886479531250001 0.8849488640625 0.09591399375000001 0.7601397000000001 0.008045776562499999 0.7092211203125001 0.0246274859375
1 0.340005284375 0.2681776 0.281055803125 0.281732559375 0.312834965625 0.40627231718749995 0.476413209375 0.443938559375 0.492255465625 0.41163869374999995 0.340005284375 0.2681776
1 0.5625 0.45625 0.0640625 0.03984375
1 0.7515625 0.45703125 0.04296875 0.02890625
1 0.35703125 0.45390625 0.08125 0.0328125
1 0.40234375 0.5265625 0.0875 0.04765625
1 0.5796875 0.54765625 0.15859375 0.09453125
1 0.75078125 0.52734375 0.04921875 0.03828125
1 0.534375 0.621875 0.1078125 0.0453125
1 0.7484375 0.596875 0.0515625 0.0359375
1 0.846875 0.67578125 0.03984375 0.02890625
1 0.84921875 0.821875 0.0453125 0.0359375
1 0.65078125 0.746875 0.0640625 0.04296875
1 0.34296875 0.70390625 0.109375 0.05703125
1 0.45390625 0.8234375 0.06953125 0.0328125
1 0.54140625 0.83203125 0.06953125 0.0484375
1 0.35703125 0.8984375 0.10703125 0.03515625
1 0.46484375 0.9671875 0.08203125 0.0453125
1 0.55234375 0.97890625 0.0703125 0.0390625