1 0.03203125 0.32890625 0.059375 0.09453125
1 0.02578125 0.43671875 0.0515625 0.0671875
1 0.12265625 0.34296875 0.05078125 0.084375
1 0.08125 0.3578125 0.025 0.028125
1 0.2265625 0.346875 0.05390625 0.03828125
1 0.303125 0.271875 0.06875 0.04296875
1 0.57734375 0.228125 0.14765625 0.13671875
1 0.75625 0.39375 0.16953125 0.13203125
1 0.81171875 0.20859375 0.0984375 0.07578125
1 0.871875 0.265625 0.06796875 0.040625
1 0.94375 0.37734375 0.078125 0.04765625
1 0.9 0.41640625 0.0703125 0.05703125
1 0.86640625 0.459375 0.0875 0.04453125
1 0.846875 0.50078125 0.05625 0.03359375
1 0.85703125 0.54609375 0.06640625 0.03203125
1 0.790625 0.56484375 0.015625 0.015625
1 0.7390625 0.65625 0.07578125 0.0484375
1 0.37578125 0.45703125 0.06328125 0.0484375
1 0.45703125 0.5203125 0.0296875 0.0234375
1 0.24296875 0.453125 0.03515625 0.0265625
1 0.25234375 0.32265625 0.03046875 0.0234375
1 0.17265625 0.6 0.0296875 0.01953125
1 0.23125 0.6 0.034375 0.0171875
1 0.25390625 0.6359375 0.03203125 0.0171875
1 0.17890625 0.7984375 0.1984375 0.165625
1 0.4921875 0.809375 0.12734375 0.215625
1 0.89140625 0.89375 0.0609375 0.04765625
1 0.98828125 0.796875 0.0234375 0.065625