1 0.62109375 0.06875 0.053125 0.0625
1 0.57734375 0.16015625 0.0609375 0.084375
1 0.5734375 0.25703125 0.0546875 0.096875
1 0.421875 0.475 0.140625 0.275
1 0.5546875 0.68046875 0.1171875 0.16875
1 0.7921875 0.821875 0.09375 0.15625
1 0.68984375 0.0921875 0.0625 0.0703125
1 0.82421875 0.1203125 0.046875 0.04375
1 0.953125 0.1234375 0.0703125 0.075
1 0.8828125 0.2265625 0.1515625 0.1078125
1 0.93515625 0.37109375 0.0671875 0.103125
1 0.9890625 0.32890625 0.021875 0.0796875
1 0.80234375 0.565625 0.059375 0.0484375
1 0.909375 0.559375 0.0546875 0.05
1 0.92734375 0.75625 0.128125 0.1625
1 0.40234375 0.728125 0.0671875 0.0640625
1 0.3859375 0.9609375 0.0921875 0.071875
1 0.1671875 0.09140625 0.1609375 0.159375
1 0.34296875 0.19453125 0.146875 0.2078125
1 0.2796875 0.36953125 0.1484375 0.19375
1 0.215625 0.578125 0.1625 0.1953125
1 0.08515625 0.42578125 0.109375 0.190625
1 0.04453125 0.234375 0.0703125 0.165625
1 0.0296875 0.35078125 0.0359375 0.0453125
1 0.0203125 0.43125 0.0296875 0.04375
1 0.01015625 0.49609375 0.0203125 0.0484375
1 0.05546875 0.58515625 0.0515625 0.0484375
1 0.03359375 0.68203125 0.0625 0.071875
1 0.10625 0.74609375 0.0359375 0.0328125
1 0.071875 0.8765625 0.0546875 0.0625
1 0.11640625 0.93125 0.0296875 0.0421875
1 0.02734375 0.9578125 0.0546875 0.0375