1 0.428125 0.021875 0.05625 0.04375
1 0.50390625 0.0828125 0.1015625 0.090625
1 0.646875 0.0921875 0.1140625 0.046875
1 0.49765625 0.1671875 0.0515625 0.0359375
1 0.69609375 0.19375 0.0578125 0.046875
1 0.5921875 0.24921875 0.0640625 0.0484375
1 0.703125 0.25625 0.0875 0.084375
1 0.67734375 0.33125 0.0640625 0.0546875
1 0.48828125 0.3078125 0.0578125 0.05
1 0.2921875 0.209375 0.065625 0.0625
1 0.771875 0.3484375 0.034375 0.0328125
1 0.8537478734375 0.2029944359375 0.8919118015624999 0.19984475156249998 0.9392457984375 0.1699351390625 0.931325209375 0.14583945468749998 0.8181547968749999 0.0434157828125 0.7655949546875 0.05366848125 0.732493565625 0.083570225 0.8537478734375 0.2029944359375
1 0.32565259687500003 0.38416126875 0.4834211921875 0.44148192656249996 0.5030817265625 0.4113535046875 0.3694499046875 0.25040711875 0.30928788906250004 0.25667690625 0.32565259687500003 0.38416126875
1 0.5671875 0.4640625 0.06875 0.046875
1 0.7546875 0.48828125 0.046875 0.034375
1 0.3640625 0.43671875 0.084375 0.0421875
1 0.4 0.51484375 0.0921875 0.0578125
1 0.5734375 0.55703125 0.16875 0.1125
1 0.7453125 0.5578125 0.053125 0.04375
1 0.51953125 0.625 0.1125 0.0578125
1 0.73515625 0.6265625 0.05625 0.0421875
1 0.82265625 0.71640625 0.04375 0.0328125
1 0.80703125 0.86171875 0.05 0.040625
1 0.61953125 0.76328125 0.06875 0.05
1 0.31953125 0.68359375 0.115625 0.0703125
1 0.41484375 0.815625 0.0734375 0.040625
1 0.50078125 0.834375 0.075 0.05625
1 0.309375 0.878125 0.1109375 0.0484375
1 0.4078125 0.959375 0.0875 0.0546875
1 0.49375 0.97890625 0.075 0.0421875