1 0.78515625 0.08984375 0.1328125 0.14921875
1 0.94453125 0.209375 0.10625 0.17734375
1 0.93203125 0.36484375 0.10859375 0.171875
1 0.92734375 0.55 0.11640625 0.153125
1 0.8859375 0.97265625 0.11484375 0.0546875
1 0.8109375 0.9875 0.028125 0.025
1 0.8265625 0.84921875 0.025 0.0328125
1 0.778125 0.80703125 0.046875 0.0546875
1 0.82734375 0.69140625 0.03828125 0.040625
1 0.77578125 0.6234375 0.05 0.053125
1 0.79453125 0.53671875 0.03671875 0.0375
1 0.8359375 0.38828125 0.065625 0.19609375
1 0.74296875 0.3203125 0.0328125 0.03828125
1 0.75703125 0.3890625 0.05703125 0.04296875
1 0.71171875 0.453125 0.0453125 0.04609375
1 0.69453125 0.4875 0.0265625 0.0765625
1 0.6296875 0.4578125 0.0921875 0.21328125
1 0.67734375 0.65625 0.021875 0.034375
1 0.671875 0.73046875 0.021875 0.028125
1 0.6578125 0.8390625 0.0375 0.05234375
1 0.67109375 0.8765625 0.025 0.02734375
1 0.71015625 0.94765625 0.03046875 0.046875
1 0.7546875 0.884375 0.034375 0.03046875
1 0.55234375 0.38984375 0.08828125 0.1203125
1 0.51875 0.30859375 0.0453125 0.05078125
1 0.5578125 0.2484375 0.09140625 0.0953125
1 0.67890625 0.19921875 0.0984375 0.1484375
1 0.6625 0.0859375 0.0328125 0.07109375
1 0.50390625 0.1109375 0.128125 0.14609375
1 0.5265625 0.015625 0.04609375 0.03125
1 0.340625 0.0796875 0.0390625 0.05078125
1 0.39375 0.2046875 0.03984375 0.0703125
1 0.35859375 0.20625 0.0328125 0.03671875
1 0.29609375 0.12734375 0.02890625 0.03125
1 0.28515625 0.2125 0.0421875 0.08359375
1 0.365625 0.32890625 0.07890625 0.1140625
1 0.42890625 0.3796875 0.0796875 0.1203125
1 0.39375 0.47421875 0.08671875 0.1328125
1 0.48515625 0.42421875 0.05 0.08515625
1 0.4625 0.87265625 0.03203125 0.0984375
1 0.59296875 0.81875 0.02890625 0.03125
1 0.3265625 0.8671875 0.04296875 0.10078125
1 0.178125 0.78828125 0.0859375 0.0875
1 0.03203125 0.6640625 0.06328125 0.09453125
1 0.14609375 0.20390625 0.05625 0.08984375
1 0.0828125 0.1671875 0.05390625 0.05
1 0.0265625 0.2921875 0.0265625 0.03203125
1 0.040625 0.3828125 0.0203125 0.04140625
1 0.11171875 0.209375 0.028125 0.02890625