1 0.2890625 0.03515625 0.05625 0.0703125
1 0.3609375 0.065625 0.04609375 0.0921875
1 0.5015625 0.075 0.04921875 0.0796875
1 0.03046875 0.0515625 0.05625 0.08515625
1 0.05546875 0.13203125 0.05078125 0.0515625
1 0.1859375 0.13125 0.03046875 0.0453125
1 0.18359375 0.22109375 0.04296875 0.053125
1 0.07578125 0.27578125 0.05546875 0.053125
1 0.05078125 0.3203125 0.05625 0.0609375
1 0.02578125 0.3703125 0.04765625 0.04140625
1 0.0109375 0.27109375 0.02109375 0.1328125
1 0.6140625 0.06484375 0.04375 0.05
1 0.5921875 0.19296875 0.0828125 0.08828125
1 0.31171875 0.5140625 0.0703125 0.0765625
1 0.21484375 0.39765625 0.0140625 0.02109375
1 0.23671875 0.7140625 0.0625 0.0859375
1 0.115625 0.70546875 0.0484375 0.06875
1 0.05703125 0.71640625 0.05234375 0.0640625
1 0.128125 0.5625 0.04921875 0.05
1 0.09296875 0.6046875 0.0359375 0.02265625
1 0.15703125 0.81796875 0.06171875 0.05703125
1 0.18515625 0.8734375 0.0578125 0.0828125
1 0.009375 0.459375 0.01875 0.028125
1 0.00859375 0.40234375 0.0171875 0.03359375
1 0.01015625 0.43359375 0.01484375 0.02265625
1 0.45078125 0.6203125 0.065625 0.0625
1 0.578125 0.68515625 0.0390625 0.0828125
1 0.69296875 0.69140625 0.03359375 0.0796875
1 0.57578125 0.89296875 0.0796875 0.065625
1 0.65078125 0.94296875 0.1328125 0.071875
1 0.915625 0.86328125 0.04453125 0.05546875
1 0.9625 0.87109375 0.03125 0.03671875
1 0.91640625 0.74765625 0.03125 0.0328125
1 0.8625 0.6546875 0.03125 0.0359375
1 0.88046875 0.68515625 0.0203125 0.02734375
1 0.95234375 0.6984375 0.025 0.03203125
1 0.996875 0.78359375 0.00625 0.03203125
1 0.8046875 0.63515625 0.0234375 0.025
1 0.88125 0.55625 0.02890625 0.02890625
1 0.978125 0.62109375 0.04375 0.04765625
1 0.88984375 0.48984375 0.0203125 0.02578125
1 0.9828125 0.46875 0.034375 0.06484375
1 0.9125 0.3359375 0.0328125 0.0625
1 0.975 0.24765625 0.05 0.03515625
1 0.96484375 0.16640625 0.0296875 0.04609375
1 0.93203125 0.29921875 0.04296875 0.0390625
1 0.9921875 0.3765625 0.015625 0.03984375
1 0.61875 0.3265625 0.07734375 0.11484375
1 0.65625 0.23359375 0.078125 0.11953125
1 0.70703125 0.28203125 0.03359375 0.07109375
1 0.76875 0.25 0.08046875 0.11875
1 0.8546875 0.30703125 0.08515625 0.2109375
1 0.78125 0.09921875 0.08046875 0.08046875
1 0.7421875 0.16328125 0.04609375 0.053125
1 0.90390625 0.0609375 0.10859375 0.121875
1 0.71015625 0.01796875 0.1390625 0.0359375