1 0.14375 0.1453125 0.034375 0.0296875
1 0.2390625 0.13984375 0.03125 0.0296875
1 0.31640625 0.2546875 0.04375 0.0375
1 0.34921875 0.37265625 0.0328125 0.0421875
1 0.271875 0.325 0.1046875 0.134375
1 0.1296875 0.38203125 0.0921875 0.1375
1 0.18984375 0.725 0.06875 0.0703125
1 0.23359375 0.6828125 0.0453125 0.0703125
1 0.35546875 0.72578125 0.0859375 0.1
1 0.49921875 0.71875 0.0390625 0.0390625
1 0.5828125 0.84296875 0.04375 0.0375
1 0.45625 0.83046875 0.0484375 0.05625
1 0.61484375 0.6015625 0.03125 0.03125
1 0.796875 0.73125 0.071875 0.0828125
1 0.46328125 0.54453125 0.040625 0.0359375
1 0.4984375 0.43046875 0.0515625 0.0765625
1 0.58515625 0.471875 0.0640625 0.06875
1 0.6984375 0.47265625 0.134375 0.1734375
1 0.8296875 0.38046875 0.0390625 0.05
1 0.846875 0.4453125 0.0828125 0.078125
1 0.88125 0.3859375 0.0515625 0.05625
1 0.78046875 0.215625 0.115625 0.153125
1 0.67578125 0.1578125 0.06875 0.071875
1 0.5390625 0.34140625 0.0578125 0.075
1 0.48203125 0.27265625 0.0921875 0.196875
1 0.553125 0.26484375 0.065625 0.075
1 0.540625 0.1296875 0.0734375 0.078125
1 0.45390625 0.06875 0.09375 0.1
1 0.7265625 0.071875 0.09375 0.1203125
1 0.39453125 0.17421875 0.0453125 0.0453125
1 0.24453125 0.140625 0.0515625 0.0359375
1 0.14140625 0.14453125 0.0484375 0.0328125