1 0.16484375 0.078125 0.0375 0.0375
1 0.1671875 0.1265625 0.0390625 0.0421875
1 0.51953125 0.05625 0.0859375 0.0875
1 0.465625 0.13125 0.034375 0.0328125
1 0.47109375 0.171875 0.034375 0.034375
1 0.540625 0.21171875 0.0390625 0.0390625
1 0.590625 0.1265625 0.0359375 0.034375
1 0.534375 0.16640625 0.0203125 0.0234375
1 0.575 0.20234375 0.05 0.08125
1 0.60703125 0.2015625 0.0234375 0.028125
1 0.590625 0.28515625 0.028125 0.03125
1 0.521875 0.2921875 0.0390625 0.040625
1 0.5953125 0.32578125 0.0375 0.0390625
1 0.60546875 0.36484375 0.0515625 0.053125
1 0.5609375 0.37109375 0.046875 0.0515625
1 0.45703125 0.34765625 0.0515625 0.0484375
1 0.45 0.2546875 0.0375 0.0390625
1 0.41015625 0.215625 0.0375 0.0453125
1 0.5078125 0.4234375 0.0234375 0.03125
1 0.54296875 0.41640625 0.0375 0.0484375
1 0.58125 0.46171875 0.034375 0.0390625
1 0.51796875 0.46875 0.025 0.028125
1 0.48125 0.47109375 0.0375 0.046875
1 0.69453125 0.43515625 0.071875 0.125
1 0.65546875 0.49921875 0.021875 0.028125
1 0.79140625 0.34921875 0.040625 0.05
1 0.8234375 0.32421875 0.04375 0.06875
1 0.796875 0.2203125 0.0578125 0.0921875
1 0.84921875 0.19140625 0.0484375 0.090625
1 0.92265625 0.1421875 0.0421875 0.040625
1 0.525 0.56328125 0.0578125 0.0453125
1 0.596875 0.546875 0.0484375 0.053125
1 0.571875 0.6078125 0.0703125 0.0828125
1 0.64765625 0.63828125 0.1015625 0.09375
1 0.7828125 0.62734375 0.096875 0.1265625
1 0.85390625 0.509375 0.0359375 0.04375
1 0.97265625 0.45078125 0.028125 0.0328125
1 0.178125 0.240625 0.0390625 0.04375
1 0.18203125 0.284375 0.034375 0.0359375
1 0.21171875 0.328125 0.046875 0.040625
1 0.2265625 0.4078125 0.0390625 0.0453125
1 0.2609375 0.4046875 0.04375 0.0484375
1 0.32734375 0.39765625 0.0578125 0.046875
1 0.3359375 0.44296875 0.0484375 0.05
1 0.2421875 0.23359375 0.0390625 0.0421875
1 0.203125 0.15546875 0.0375 0.0390625
1 0.23671875 0.1484375 0.025 0.0359375
1 0.26171875 0.11015625 0.0265625 0.0375
1 0.30625 0.146875 0.0296875 0.0296875
1 0.3421875 0.18359375 0.0265625 0.046875
1 0.27109375 0.18828125 0.0390625 0.034375
1 0.284375 0.31328125 0.0296875 0.034375
1 0.3609375 0.30703125 0.0421875 0.05
1 0.3140625 0.26640625 0.025 0.025
1 0.365625 0.39453125 0.0203125 0.0234375
1 0.23359375 0.5 0.0359375 0.0375
1 0.27109375 0.4921875 0.0390625 0.040625
1 0.384375 0.52890625 0.0296875 0.034375
1 0.41875 0.5265625 0.0296875 0.025
1 0.3875 0.58359375 0.0359375 0.0484375
1 0.31015625 0.53828125 0.028125 0.034375
1 0.353125 0.5765625 0.021875 0.0296875
1 0.2828125 0.5890625 0.0359375 0.0375
1 0.28515625 0.63359375 0.0203125 0.0296875
1 0.21171875 0.59921875 0.025 0.0375
1 0.31953125 0.6328125 0.04375 0.0359375
1 0.40703125 0.71875 0.03125 0.0375
1 0.25703125 0.690625 0.0359375 0.0453125
1 0.3296875 0.72734375 0.05625 0.0484375
1 0.37421875 0.72109375 0.0453125 0.0609375
1 0.346875 0.82421875 0.05625 0.0640625
1 0.42109375 0.81796875 0.0390625 0.0375
1 0.50546875 0.65390625 0.0328125 0.028125
1 0.26328125 0.78828125 0.0375 0.040625
1 0.5578125 0.75 0.028125 0.0390625
1 0.62578125 0.7375 0.0234375 0.0390625
1 0.61875 0.690625 0.034375 0.0328125
1 0.66640625 0.7734375 0.0703125 0.0765625
1 0.64375 0.83515625 0.0390625 0.0375
1 0.721875 0.7171875 0.0234375 0.0265625
1 0.6171875 0.88984375 0.0390625 0.03125
1 0.71328125 0.875 0.0359375 0.03125
1 0.6796875 0.8796875 0.0296875 0.0359375
1 0.7796875 0.85 0.065625 0.0578125
1 0.840625 0.60390625 0.0328125 0.0734375
1 0.2515625 0.9703125 0.071875 0.059375
1 0.97265625 0.64921875 0.0546875 0.1421875
1 0.4015625 0.13515625 0.04375 0.0484375
1 0.4265625 0.0984375 0.0359375 0.0359375
1 0.3875 0.059375 0.0578125 0.0453125
1 0.38671875 0.02421875 0.04375 0.03125
1 0.26015625 0.06640625 0.0265625 0.034375
1 0.390625 0.92578125 0.025 0.028125
1 0.39921875 0.9859375 0.0640625 0.028125
1 0.821875 0.8859375 0.0265625 0.01875