1 0.69921875 0.07578125 0.1453125 0.1515625
1 0.64609375 0.26640625 0.125 0.1921875
1 0.671875 0.36796875 0.1203125 0.15
1 0.64453125 0.4671875 0.075 0.0609375
1 0.75546875 0.5 0.1125 0.125
1 0.8609375 0.6390625 0.0640625 0.0546875
1 0.759375 0.765625 0.1625 0.1671875
1 0.65625 0.78671875 0.0546875 0.0515625
1 0.72578125 0.9203125 0.0515625 0.0609375
1 0.55390625 0.89453125 0.046875 0.0421875
1 0.55546875 0.77421875 0.065625 0.0765625
1 0.5734375 0.66796875 0.0578125 0.0765625
1 0.509375 0.62734375 0.1109375 0.2046875
1 0.56328125 0.59609375 0.065625 0.0828125
1 0.528125 0.4921875 0.0859375 0.0828125
1 0.4265625 0.4515625 0.1015625 0.09375
1 0.28828125 0.37734375 0.071875 0.096875
1 0.38984375 0.34375 0.1234375 0.1203125
1 0.459375 0.315625 0.084375 0.18125
1 0.5078125 0.2625 0.0734375 0.0890625
1 0.23984375 0.26328125 0.13125 0.11875
1 0.30859375 0.7265625 0.109375 0.1421875
1 0.33984375 0.65234375 0.0359375 0.04375
1 0.40859375 0.75625 0.046875 0.0453125
1 0.19375 0.815625 0.115625 0.1625
1 0.16484375 0.59140625 0.034375 0.03125
1 0.2546875 0.56484375 0.0421875 0.0328125
1 0.4015625 0.559375 0.04375 0.0359375
1 0.0671875 0.18515625 0.059375 0.0671875
1 0.184375 0.1765625 0.04375 0.046875
1 0.29375 0.146875 0.0609375 0.0640625
1 0.3875 0.1421875 0.0890625 0.1234375
1 0.01640625 0.18125 0.0328125 0.046875
1 0.9125 0.70390625 0.0859375 0.090625
1 0.915625 0.628125 0.046875 0.06875