1 0.146875 0.72265625 0.090625 0.09375
1 0.28515625 0.75078125 0.0640625 0.0890625
1 0.39765625 0.728125 0.053125 0.0875
1 0.49140625 0.65 0.0296875 0.034375
1 0.32890625 0.95703125 0.1015625 0.0859375
1 0.41328125 0.971875 0.1328125 0.05625
1 0.6328125 0.85390625 0.0515625 0.065625
1 0.6859375 0.84921875 0.0421875 0.0546875
1 0.6171875 0.7359375 0.0359375 0.0375
1 0.71484375 0.74609375 0.034375 0.034375
1 0.78671875 0.77734375 0.1328125 0.1875
1 0.81796875 0.646875 0.03125 0.03125
1 0.91796875 0.596875 0.0625 0.0734375
1 0.89296875 0.8109375 0.0609375 0.04375
1 0.57109375 0.68515625 0.0296875 0.0328125
1 0.55234375 0.65703125 0.040625 0.046875
1 0.64296875 0.67265625 0.0296875 0.0359375
1 0.70703125 0.62734375 0.0265625 0.034375
1 0.65546875 0.60234375 0.05 0.0546875
1 0.54296875 0.56171875 0.03125 0.0375
1 0.52890625 0.4921875 0.025 0.0296875
1 0.6078125 0.44140625 0.0515625 0.0578125
1 0.671875 0.4875 0.03125 0.034375
1 0.6015625 0.35859375 0.0453125 0.053125
1 0.90234375 0.4078125 0.046875 0.053125
1 0.9734375 0.3734375 0.0359375 0.0703125
1 0.7328125 0.33359375 0.146875 0.1796875
1 0.85625 0.21640625 0.1328125 0.2234375
1 0.6078125 0.21328125 0.115625 0.184375
1 0.65234375 0.15625 0.03125 0.0421875
1 0.709375 0.15234375 0.1625 0.2015625
1 0.70703125 0.05 0.1640625 0.1
1 0.440625 0.3328125 0.1296875 0.2265625
1 0.51171875 0.171875 0.0359375 0.05
1 0.5359375 0.24140625 0.0578125 0.053125
1 0.5140625 0.303125 0.0515625 0.046875
1 0.503125 0.34453125 0.0421875 0.06875
1 0.4265625 0.0734375 0.140625 0.146875
1 0.325 0.15234375 0.0953125 0.0984375
1 0.309375 0.22265625 0.0546875 0.0609375
1 0.246875 0.0828125 0.1234375 0.090625
1 0.09609375 0.2015625 0.0546875 0.0765625
1 0.1765625 0.15859375 0.0515625 0.06875
1 0.184375 0.28359375 0.09375 0.115625
1 0.2453125 0.3984375 0.096875 0.128125
1 0.25625 0.303125 0.0828125 0.1203125
1 0.30703125 0.3421875 0.046875 0.0734375