1 0.13515625 0.1953125 0.14375 0.1859375
1 0.04140625 0.5171875 0.0828125 0.10625
1 0.29765625 0.4125 0.15 0.1828125
1 0.303125 0.19609375 0.0828125 0.09375
1 0.2046875 0.8890625 0.15 0.221875
1 0.55625 0.11015625 0.0609375 0.0875
1 0.64296875 0.13046875 0.0828125 0.1234375
1 0.79375 0.115625 0.0734375 0.0765625
1 0.9015625 0.0796875 0.0515625 0.0703125
1 0.9109375 0.2078125 0.09375 0.1125
1 0.94609375 0.33203125 0.08125 0.125
1 0.86796875 0.6484375 0.08125 0.075
1 0.984375 0.6875 0.03125 0.09375
1 0.446875 0.928125 0.0515625 0.0625
1 0.49921875 0.82578125 0.0703125 0.090625
1 0.56328125 0.80234375 0.06875 0.0921875
1 0.67734375 0.7796875 0.0890625 0.10625
1 0.62734375 0.90078125 0.0734375 0.075
1 0.66640625 0.9390625 0.0765625 0.0828125
1 0.51640625 0.71796875 0.0421875 0.03125
1 0.38515625 0.5921875 0.040625 0.0421875
1 0.53046875 0.66171875 0.0625 0.0625
1 0.37109375 0.5421875 0.0375 0.0359375
1 0.36875 0.49375 0.065625 0.0421875
1 0.42890625 0.5578125 0.0671875 0.0796875
1 0.6046875 0.6375 0.059375 0.06875
1 0.50625 0.59453125 0.0703125 0.08125
1 0.4078125 0.40078125 0.0515625 0.0625
1 0.4984375 0.32421875 0.046875 0.059375
1 0.3875 0.4453125 0.05 0.06875
1 0.3515625 0.2625 0.0546875 0.059375
1 0.48359375 0.23359375 0.034375 0.0515625
1 0.709375 0.57890625 0.08125 0.0875