1 0.2265625 0.03515625 0.03359375 0.03359375
1 0.22265625 0.08359375 0.03359375 0.03828125
1 0.58125 0.06328125 0.07578125 0.078125
1 0.5171875 0.1296875 0.03125 0.028125
1 0.5171875 0.17109375 0.0296875 0.03125
1 0.58046875 0.2203125 0.03515625 0.03515625
1 0.64140625 0.14296875 0.03125 0.03046875
1 0.58046875 0.17421875 0.0171875 0.021875
1 0.615625 0.215625 0.03984375 0.07578125
1 0.64765625 0.21953125 0.01953125 0.02578125
1 0.61953125 0.3 0.025 0.02734375
1 0.55078125 0.29765625 0.034375 0.03671875
1 0.61875 0.340625 0.0328125 0.034375
1 0.6234375 0.38125 0.04609375 0.046875
1 0.578125 0.38046875 0.040625 0.046875
1 0.47890625 0.34296875 0.0453125 0.04296875
1 0.484375 0.25 0.0328125 0.03515625
1 0.45078125 0.20625 0.03203125 0.040625
1 0.51875 0.425 0.01875 0.0296875
1 0.55390625 0.4234375 0.03125 0.04375
1 0.5859375 0.4734375 0.0296875 0.0359375
1 0.521875 0.471875 0.02109375 0.025
1 0.48515625 0.46875 0.03125 0.04296875
1 0.7015625 0.4625 0.05625 0.11875
1 0.65390625 0.52109375 0.01875 0.02578125
1 0.809375 0.39140625 0.034375 0.04609375
1 0.84453125 0.37109375 0.034375 0.06484375
1 0.8328125 0.2640625 0.04609375 0.0859375
1 0.8890625 0.24296875 0.0375 0.08671875
1 0.96796875 0.2046875 0.0375 0.0359375
1 0.515625 0.56640625 0.05234375 0.0390625
1 0.5890625 0.56015625 0.0421875 0.0484375
1 0.55625 0.61640625 0.06015625 0.075
1 0.6265625 0.6578125 0.090625 0.08125
1 0.7625 0.665625 0.08125 0.11640625
1 0.84921875 0.55859375 0.03046875 0.040625
1 0.975 0.5171875 0.02421875 0.03046875
1 0.2171875 0.1984375 0.034375 0.03984375
1 0.21484375 0.2421875 0.03046875 0.03125
1 0.23828125 0.28984375 0.0421875 0.034375
1 0.2421875 0.3703125 0.03359375 0.040625
1 0.2765625 0.37265625 0.0375 0.04375
1 0.34296875 0.37421875 0.053125 0.040625
1 0.3453125 0.4203125 0.0421875 0.0453125
1 0.28203125 0.2 0.03359375 0.03828125
1 0.25390625 0.1171875 0.03359375 0.03515625
1 0.28828125 0.11484375 0.02109375 0.03359375
1 0.31796875 0.08046875 0.021875 0.034375
1 0.35703125 0.1234375 0.02578125 0.0265625
1 0.3875 0.16484375 0.02109375 0.04375
1 0.31640625 0.159375 0.03515625 0.0296875
1 0.3125 0.28515625 0.02578125 0.03046875
1 0.3890625 0.28984375 0.0359375 0.04609375
1 0.3484375 0.24296875 0.02265625 0.021875
1 0.38203125 0.3765625 0.0171875 0.021875
1 0.2359375 0.4625 0.03203125 0.03359375
1 0.27421875 0.46015625 0.03359375 0.03671875
1 0.38125 0.5125 0.02578125 0.03046875
1 0.415625 0.51484375 0.0265625 0.021875
1 0.3765625 0.5671875 0.0296875 0.0453125
1 0.30625 0.51171875 0.02421875 0.03125
1 0.34375 0.55546875 0.01875 0.028125
1 0.27265625 0.5578125 0.03203125 0.0328125
1 0.26875 0.60234375 0.0171875 0.02734375
1 0.20078125 0.5578125 0.01953125 0.03515625
1 0.303125 0.60625 0.0390625 0.03125
1 0.37734375 0.70390625 0.02734375 0.03359375
1 0.2328125 0.6546875 0.0296875 0.04140625
1 0.3 0.7015625 0.05078125 0.04140625
1 0.34453125 0.7015625 0.0375 0.05703125
1 0.303125 0.8 0.04921875 0.05703125
1 0.37734375 0.80390625 0.034375 0.0328125
1 0.484375 0.653125 0.02890625 0.025
1 0.22578125 0.75234375 0.0328125 0.03671875
1 0.52265625 0.75546875 0.0234375 0.0359375
1 0.59140625 0.75234375 0.01796875 0.03671875
1 0.59140625 0.70546875 0.03046875 0.02890625
1 0.6265625 0.79375 0.0609375 0.06796875
1 0.59609375 0.8515625 0.03515625 0.0328125
1 0.68984375 0.74609375 0.0203125 0.02421875
1 0.56171875 0.90234375 0.03515625 0.0265625
1 0.659375 0.90078125 0.03203125 0.0265625
1 0.625 0.90078125 0.025 0.03203125
1 0.728125 0.88515625 0.059375 0.05
1 0.82265625 0.65 0.0234375 0.07109375
1 0.1875 0.9359375 0.0640625 0.06015625
1 0.96484375 0.7171875 0.0703125 0.134375
1 0.453125 0.125 0.0375 0.04296875
1 0.4828125 0.0921875 0.03203125 0.03125
1 0.45 0.04765625 0.053125 0.03828125
1 0.45390625 0.01328125 0.03984375 0.02578125
1 0.32265625 0.0375 0.02265625 0.03203125
1 0.3328125 0.90625 0.021875 0.02578125
1 0.33203125 0.97890625 0.05859375 0.0421875
1 0.76484375 0.9265625 0.02421875 0.01484375