1 0.66953125 0.059375 0.1671875 0.11875
1 0.85390625 0.10390625 0.1484375 0.1984375
1 0.88203125 0.2578125 0.15 0.19375
1 0.925 0.4375 0.15 0.178125
1 0.96640625 0.85703125 0.0671875 0.0828125
1 0.9265625 0.890625 0.034375 0.03125
1 0.90546875 0.753125 0.0328125 0.0375
1 0.8484375 0.72421875 0.059375 0.065625
1 0.865625 0.6 0.046875 0.0484375
1 0.7984375 0.54765625 0.0625 0.0640625
1 0.79375 0.459375 0.0453125 0.0453125
1 0.7953125 0.30546875 0.1140625 0.20625
1 0.68828125 0.26328125 0.0421875 0.0453125
1 0.71953125 0.3265625 0.065625 0.05625
1 0.6921875 0.4 0.05625 0.05625
1 0.684375 0.4375 0.0453125 0.08125
1 0.6140625 0.42578125 0.14375 0.2296875
1 0.71171875 0.6046875 0.0296875 0.0390625
1 0.72578125 0.678125 0.028125 0.0328125
1 0.73984375 0.78671875 0.05 0.0609375
1 0.7625 0.81953125 0.03125 0.0328125
1 0.81875 0.878125 0.0421875 0.053125
1 0.8453125 0.80546875 0.040625 0.0390625
1 0.521875 0.3796875 0.1171875 0.1390625
1 0.46875 0.31015625 0.05625 0.0609375
1 0.490625 0.2421875 0.1125 0.115625
1 0.5953125 0.16328125 0.1328125 0.16875
1 0.55 0.0578125 0.05 0.0765625
1 0.403125 0.1234375 0.1609375 0.175
1 0.4 0.025 0.053125 0.0421875
1 0.2375 0.13515625 0.0515625 0.059375
1 0.32109375 0.2421875 0.05625 0.078125
1 0.2875 0.253125 0.040625 0.04375
1 0.20625 0.19296875 0.0359375 0.0375
1 0.21796875 0.278125 0.0625 0.0921875
1 0.32578125 0.36953125 0.10625 0.13125
1 0.4 0.40234375 0.1078125 0.1375
1 0.390625 0.50234375 0.11875 0.15
1 0.46640625 0.43046875 0.0703125 0.0953125
1 0.56015625 0.86953125 0.05625 0.103125
1 0.67265625 0.78359375 0.0359375 0.0375
1 0.42734375 0.89921875 0.0671875 0.1078125
1 0.2640625 0.86171875 0.10625 0.10625
1 0.090625 0.7796875 0.0859375 0.1078125
1 0.08125 0.30546875 0.078125 0.1015625
1 0.021875 0.2859375 0.04375 0.0625
1 0.02578125 0.50546875 0.0296875 0.0453125
1 0.05 0.31953125 0.034375 0.0359375