1 0.18984375 0.21171875 0.1046875 0.109375
1 0.3 0.059375 0.090625 0.0953125
1 0.58046875 0.109375 0.0390625 0.05625
1 0.5375 0.23671875 0.196875 0.1953125
1 0.3890625 0.2890625 0.071875 0.084375
1 0.334375 0.47109375 0.140625 0.1453125
1 0.34765625 0.71796875 0.1484375 0.2171875
1 0.4171875 0.584375 0.1234375 0.1921875
1 0.5515625 0.5375 0.075 0.0609375
1 0.6125 0.45625 0.11875 0.13125
1 0.7296875 0.3078125 0.040625 0.0921875
1 0.80703125 0.36796875 0.1015625 0.1828125
1 0.73203125 0.465625 0.0734375 0.1875
1 0.903125 0.5546875 0.1046875 0.2359375
1 0.484375 0.67890625 0.0640625 0.1109375
1 0.57734375 0.6640625 0.11875 0.1828125
1 0.66015625 0.7765625 0.1015625 0.328125
1 0.7234375 0.85859375 0.0515625 0.0984375
1 0.74375 0.8046875 0.053125 0.0484375
1 0.8015625 0.73828125 0.0640625 0.0421875
1 0.77734375 0.64375 0.040625 0.0453125
1 0.8078125 0.93515625 0.05 0.075
1 0.87265625 0.7625 0.075 0.2140625
1 0.9015625 0.74921875 0.08125 0.2234375
1 0.8984375 0.934375 0.0875 0.13125
1 0.96328125 0.88359375 0.0546875 0.2328125