1 0.26875 0.08984375 0.121875 0.0625
1 0.125 0.0953125 0.090625 0.059375
1 0.3828125 0.18203125 0.10625 0.0515625
1 0.26796875 0.29296875 0.103125 0.071875
1 0.25234375 0.384375 0.0984375 0.0515625
1 0.40078125 0.3796875 0.103125 0.075
1 0.5265625 0.27421875 0.0765625 0.0703125
1 0.65 0.29765625 0.0765625 0.0875
1 0.65859375 0.18515625 0.103125 0.0609375
1 0.79296875 0.18828125 0.115625 0.0484375
1 0.5546875 0.02109375 0.128125 0.0421875
1 0.0234375 0.3015625 0.046875 0.08125
1 0.14375 0.490625 0.10625 0.0671875
1 0.37734375 0.5890625 0.2046875 0.09375
1 0.54609375 0.584375 0.1375 0.1
1 0.66328125 0.59140625 0.1140625 0.0828125
1 0.671875 0.7796875 0.09375 0.0703125
1 0.421875 0.79140625 0.246875 0.103125
1 0.26796875 0.89765625 0.1 0.0546875
1 0.13046875 0.69296875 0.115625 0.0890625
1 0.5484375 0.98203125 0.078125 0.034375