1 0.2265625 0.06875 0.065625 0.078125
1 0.3015625 0.0890625 0.0578125 0.0984375
1 0.4421875 0.07890625 0.059375 0.0859375
1 0.01875 0.19765625 0.0375 0.0578125
1 0.1375 0.17890625 0.0359375 0.0484375
1 0.14765625 0.26796875 0.05 0.0578125
1 0.0484375 0.33671875 0.0625 0.0609375
1 0.03125 0.384375 0.0625 0.06875
1 0.01953125 0.4375 0.0390625 0.046875
1 0.55234375 0.053125 0.05 0.05625
1 0.5484375 0.1828125 0.09375 0.0984375
1 0.315625 0.53984375 0.0796875 0.0859375
1 0.203125 0.43828125 0.0171875 0.0234375
1 0.26875 0.7484375 0.0734375 0.09375
1 0.14765625 0.75703125 0.0578125 0.075
1 0.09140625 0.77578125 0.0609375 0.0703125
1 0.140625 0.61328125 0.05625 0.05625
1 0.11171875 0.66015625 0.0390625 0.028125
1 0.2046875 0.8625 0.06875 0.065625
1 0.23984375 0.91328125 0.06875 0.090625
1 0.009375 0.52734375 0.01875 0.0296875
1 0.00546875 0.47109375 0.0109375 0.0359375
1 0.00703125 0.5015625 0.0140625 0.025
1 0.46796875 0.62578125 0.0734375 0.0703125
1 0.603125 0.67265625 0.05 0.0875
1 0.71796875 0.6625 0.04375 0.0828125
1 0.6296875 0.87890625 0.0875 0.0765625
1 0.7109375 0.91796875 0.1421875 0.0890625
1 0.9625 0.8015625 0.0515625 0.0609375
1 0.9953125 0.803125 0.009375 0.040625
1 0.946875 0.6875 0.0359375 0.0375
1 0.88046875 0.60234375 0.0359375 0.040625
1 0.90234375 0.63046875 0.0234375 0.0296875
1 0.97578125 0.63359375 0.0296875 0.0359375
1 0.8203125 0.59140625 0.0265625 0.028125
1 0.88515625 0.50234375 0.0328125 0.0328125
1 0.9828125 0.553125 0.034375 0.053125
1 0.884375 0.4359375 0.0234375 0.028125
1 0.9734375 0.4015625 0.04375 0.06875
1 0.8859375 0.28046875 0.040625 0.0671875
1 0.93515625 0.184375 0.0546875 0.0421875
1 0.9140625 0.1046875 0.0359375 0.05
1 0.9 0.24140625 0.0484375 0.0453125
1 0.9703125 0.309375 0.0203125 0.0421875
1 0.59375 0.31171875 0.0921875 0.125
1 0.61796875 0.2140625 0.09375 0.1296875
1 0.675 0.25546875 0.04375 0.075
1 0.73125 0.21484375 0.096875 0.128125
1 0.82421875 0.259375 0.1140625 0.2203125
1 0.72265625 0.0640625 0.090625 0.090625
1 0.69296875 0.1328125 0.053125 0.059375
1 0.8390625 0.03828125 0.125 0.0765625
1 0.64140625 0.01015625 0.1421875 0.0203125