1 0.10078125 0.4390625 0.2015625 0.25
1 0.284375 0.7109375 0.2359375 0.303125
1 0.38984375 0.93515625 0.08125 0.078125
1 0.4140625 0.99296875 0.065625 0.0140625
1 0.4015625 0.84140625 0.11875 0.1046875
1 0.434375 0.75703125 0.1046875 0.1234375
1 0.4671875 0.671875 0.1 0.09375
1 0.61015625 0.5125 0.0921875 0.109375
1 0.378125 0.46953125 0.075 0.084375
1 0.315625 0.3765625 0.1015625 0.1171875
1 0.68671875 0.1734375 0.10625 0.13125
1 0.8296875 0.16640625 0.109375 0.165625
1 0.7796875 0.784375 0.04375 0.040625