1 0.13203125 0.259375 0.15 0.1703125
1 0.07265625 0.1359375 0.0796875 0.10625
1 0.240625 0.13203125 0.0984375 0.090625
1 0.36640625 0.14453125 0.1046875 0.16875
1 0.43125 0.3984375 0.06875 0.253125
1 0.50390625 0.3265625 0.0859375 0.11875
1 0.66484375 0.66875 0.075 0.096875
1 0.815625 0.73515625 0.1421875 0.184375
1 0.51015625 0.8375 0.0859375 0.096875
1 0.5109375 0.9390625 0.0890625 0.08125
1 0.48984375 0.6546875 0.0875 0.1078125
1 0.35078125 0.59609375 0.1328125 0.121875
1 0.32265625 0.4125 0.1609375 0.171875
1 0.16484375 0.4421875 0.1109375 0.1359375
1 0.275 0.74453125 0.0546875 0.046875
1 0.071875 0.7140625 0.0453125 0.046875
1 0.10390625 0.9296875 0.1265625 0.140625
1 0.18203125 0.86640625 0.03125 0.0296875
1 0.421875 0.85078125 0.1359375 0.2984375
1 0.96328125 0.9453125 0.053125 0.05
1 0.821875 0.1296875 0.18125 0.221875
1 0.71171875 0.53046875 0.125 0.2015625
1 0.7109375 0.37421875 0.146875 0.215625