1 0.10390625 0.63046875 0.07421875 0.07734375
1 0.23046875 0.69140625 0.0453125 0.08046875
1 0.3453125 0.696875 0.034375 0.08203125
1 0.45546875 0.64375 0.0234375 0.02890625
1 0.2234375 0.90390625 0.08828125 0.06875
1 0.2984375 0.95234375 0.12265625 0.06015625
1 0.54296875 0.87578125 0.03828125 0.05859375
1 0.59609375 0.88359375 0.03203125 0.04765625
1 0.55703125 0.75703125 0.02890625 0.03203125
1 0.64921875 0.790625 0.028125 0.028125
1 0.7109375 0.83828125 0.0953125 0.16953125
1 0.77265625 0.71953125 0.02578125 0.0265625
1 0.88203125 0.6953125 0.04921875 0.0640625
1 0.80625 0.896875 0.0546875 0.03125
1 0.52421875 0.696875 0.02421875 0.02734375
1 0.5125 0.66484375 0.03203125 0.03984375
1 0.596875 0.70234375 0.02265625 0.03125
1 0.6703125 0.6734375 0.0203125 0.03046875
1 0.62578125 0.63671875 0.03984375 0.046875
1 0.5265625 0.5703125 0.0234375 0.0328125
1 0.5296875 0.49921875 0.01875 0.0265625
1 0.61875 0.46953125 0.040625 0.05
1 0.66953125 0.5296875 0.02421875 0.02890625
1 0.6328125 0.3875 0.0359375 0.04609375
1 0.9125 0.5078125 0.0375 0.04609375
1 0.98984375 0.49140625 0.0203125 0.0671875
1 0.76640625 0.3953125 0.1125 0.15703125
1 0.9140625 0.3109375 0.084375 0.20859375
1 0.67421875 0.24765625 0.0765625 0.1703125
1 0.73125 0.203125 0.02265625 0.03828125
1 0.7875 0.21328125 0.12265625 0.17734375
1 0.81875 0.07578125 0.13125 0.1515625
1 0.4828125 0.3234375 0.08125 0.2125
1 0.590625 0.184375 0.02578125 0.04453125
1 0.59765625 0.2578125 0.0484375 0.0421875
1 0.5609375 0.3125 0.04453125 0.03671875
1 0.540625 0.35 0.0265625 0.06484375
1 0.53359375 0.065625 0.11171875 0.13125
1 0.4140625 0.1203125 0.078125 0.08203125
1 0.38203125 0.184375 0.04296875 0.05234375
1 0.35546875 0.034375 0.11015625 0.06640625
1 0.18046875 0.1125 0.0390625 0.06953125
1 0.26875 0.090625 0.0375 0.0609375
1 0.24609375 0.2140625 0.07109375 0.1015625
1 0.27734375 0.33984375 0.07109375 0.11484375
1 0.3109375 0.25 0.05859375 0.11015625
1 0.35078125 0.3 0.03203125 0.06796875
1 0.0609375 0.10703125 0.05 0.08515625