1 0.64375 0.07578125 0.05625 0.0640625
1 0.5953125 0.1640625 0.065625 0.0875
1 0.58671875 0.2609375 0.059375 0.0984375
1 0.42265625 0.4703125 0.1546875 0.28125
1 0.5453125 0.6828125 0.1265625 0.1734375
1 0.775 0.83671875 0.1015625 0.1609375
1 0.7109375 0.10234375 0.065625 0.0734375
1 0.84375 0.1375 0.05 0.046875
1 0.9671875 0.146875 0.065625 0.078125
1 0.896875 0.246875 0.15625 0.115625
1 0.94140625 0.39375 0.071875 0.10625
1 0.99296875 0.3546875 0.0140625 0.08125
1 0.7984375 0.58203125 0.0609375 0.0515625
1 0.90546875 0.58046875 0.05625 0.0515625
1 0.91328125 0.778125 0.1359375 0.16875
1 0.38984375 0.72265625 0.0703125 0.0671875
1 0.36171875 0.9546875 0.0953125 0.0765625
1 0.1890625 0.07890625 0.16875 0.1578125
1 0.359375 0.18671875 0.15625 0.2140625
1 0.28671875 0.35859375 0.1578125 0.2
1 0.2125 0.56328125 0.171875 0.203125
1 0.08984375 0.40390625 0.11875 0.19375
1 0.059375 0.2109375 0.078125 0.16875
1 0.03828125 0.3265625 0.0375 0.046875
1 0.02421875 0.40625 0.0328125 0.0453125
1 0.0109375 0.4703125 0.021875 0.05
1 0.05234375 0.56171875 0.053125 0.0515625
1 0.02890625 0.6578125 0.0578125 0.075
1 0.09375 0.725 0.0375 0.034375
1 0.053125 0.85390625 0.0578125 0.065625
1 0.09453125 0.9109375 0.03125 0.04375
1 0.01640625 0.9328125 0.0328125 0.040625