1 0.1171875 0.34140625 0.178125 0.2125
1 0.23984375 0.65234375 0.1765625 0.26796875
1 0.28828125 0.8953125 0.0671875 0.0640625
1 0.2921875 0.978125 0.05703125 0.04375
1 0.321875 0.8078125 0.1015625 0.0828125
1 0.37421875 0.73359375 0.08125 0.10625
1 0.4265625 0.65859375 0.08359375 0.07578125
1 0.60390625 0.5390625 0.07109375 0.0953125
1 0.3890625 0.440625 0.06015625 0.071875
1 0.35078125 0.3359375 0.08046875 0.1
1 0.76015625 0.228125 0.08125 0.11484375
1 0.90078125 0.25625 0.07421875 0.15234375
1 0.70234375 0.84375 0.0375 0.0328125