1 0.3046875 0.0796875 0.15 0.159375
1 0.07890625 0.31328125 0.090625 0.1078125
1 0.35625 0.3328125 0.1546875 0.1859375
1 0.45625 0.140625 0.0859375 0.0953125
1 0.065625 0.74140625 0.13125 0.2703125
1 0.72109375 0.17421875 0.0625 0.0890625
1 0.790625 0.23046875 0.0859375 0.1234375
1 0.9875 0.1515625 0.025 0.06875
1 0.9328125 0.28359375 0.075 0.078125
1 0.97421875 0.41640625 0.0515625 0.1140625
1 0.965625 0.54453125 0.06875 0.1265625
1 0.765625 0.79453125 0.0828125 0.078125
1 0.8625 0.88671875 0.05625 0.09375
1 0.26484375 0.86171875 0.053125 0.0625
1 0.35625 0.79296875 0.0734375 0.0921875
1 0.42421875 0.79921875 0.0703125 0.09375
1 0.5375 0.82890625 0.0921875 0.1078125
1 0.4390625 0.91640625 0.075 0.0765625
1 0.4578125 0.9625 0.078125 0.075
1 0.41953125 0.703125 0.0421875 0.03125
1 0.35625 0.5328125 0.0421875 0.04375
1 0.45625 0.659375 0.0640625 0.0640625
1 0.365625 0.48125 0.0375 0.0359375
1 0.384375 0.43671875 0.065625 0.04375
1 0.4109375 0.52109375 0.0703125 0.08125
1 0.53359375 0.66953125 0.0609375 0.06875
1 0.4640625 0.5875 0.071875 0.0828125
1 0.4609375 0.3703125 0.053125 0.0640625
1 0.57578125 0.34140625 0.0484375 0.059375
1 0.42265625 0.4015625 0.0515625 0.06875
1 0.4703125 0.22109375 0.05625 0.0609375
1 0.6015625 0.253125 0.0359375 0.0515625
1 0.65390625 0.6625 0.0828125 0.0890625