1 0.29609375 0.03359375 0.0578125 0.0671875
1 0.36875 0.06328125 0.0484375 0.09375
1 0.50859375 0.075 0.05 0.08125
1 0.03828125 0.04375 0.0578125 0.0859375
1 0.06171875 0.12421875 0.0515625 0.053125
1 0.1921875 0.12578125 0.03125 0.0453125
1 0.18828125 0.215625 0.04375 0.053125
1 0.0796875 0.26875 0.05625 0.0546875
1 0.05390625 0.3125 0.0578125 0.0625
1 0.028125 0.36171875 0.0484375 0.0421875
1 0.01484375 0.2625 0.0234375 0.1328125
1 0.621875 0.0671875 0.0453125 0.05
1 0.59765625 0.19453125 0.084375 0.0890625
1 0.31171875 0.5109375 0.071875 0.078125
1 0.21640625 0.39296875 0.0140625 0.021875
1 0.2328125 0.709375 0.0640625 0.0875
1 0.11171875 0.6984375 0.05 0.0703125
1 0.053125 0.70859375 0.053125 0.065625
1 0.12734375 0.55625 0.05 0.0515625
1 0.09140625 0.59765625 0.0359375 0.0234375
1 0.1515625 0.81171875 0.0625 0.0578125
1 0.17890625 0.86796875 0.059375 0.084375
1 0.01015625 0.45078125 0.01875 0.028125
1 0.01015625 0.39375 0.0171875 0.034375
1 0.01171875 0.425 0.015625 0.0234375
1 0.4484375 0.61953125 0.0671875 0.0640625
1 0.575 0.68671875 0.040625 0.0828125
1 0.68984375 0.69453125 0.034375 0.0796875
1 0.56875 0.89453125 0.08125 0.0671875
1 0.64296875 0.9453125 0.134375 0.0734375
1 0.909375 0.8703125 0.0453125 0.05625
1 0.95625 0.87890625 0.03125 0.0375
1 0.91171875 0.7546875 0.03125 0.0328125
1 0.859375 0.6609375 0.03125 0.0359375
1 0.87734375 0.69140625 0.0203125 0.028125
1 0.9484375 0.70625 0.025 0.0328125
1 0.9921875 0.7921875 0.00625 0.0328125
1 0.80234375 0.640625 0.0234375 0.025
1 0.88046875 0.56328125 0.0296875 0.0296875
1 0.97578125 0.6296875 0.0453125 0.0484375
1 0.88984375 0.496875 0.0203125 0.0265625
1 0.9828125 0.4765625 0.034375 0.065625
1 0.915625 0.34296875 0.034375 0.0625
1 0.97734375 0.25546875 0.0453125 0.0359375
1 0.9703125 0.17421875 0.03125 0.046875
1 0.93515625 0.30703125 0.04375 0.0390625
1 0.99296875 0.384375 0.0140625 0.040625
1 0.621875 0.32890625 0.0796875 0.115625
1 0.6609375 0.23671875 0.0796875 0.1203125
1 0.7109375 0.2859375 0.034375 0.071875
1 0.7734375 0.2546875 0.0828125 0.1203125
1 0.8578125 0.31328125 0.0890625 0.2125
1 0.78828125 0.10390625 0.08125 0.08125
1 0.74765625 0.1671875 0.046875 0.0546875
1 0.91171875 0.06796875 0.1109375 0.1234375
1 0.71875 0.021875 0.1390625 0.0390625