1 0.01640625 0.20546875 0.0328125 0.1734375
1 0.2546875 0.1328125 0.0875 0.1
1 0.2140625 0.2921875 0.1015625 0.1203125
1 0.490625 0.2765625 0.175 0.2109375
1 0.48359375 0.14375 0.05625 0.078125
1 0.38046875 0.32421875 0.06875 0.0875
1 0.37265625 0.478125 0.1390625 0.1453125
1 0.4203125 0.66875 0.1296875 0.1734375
1 0.45625 0.53671875 0.1390625 0.1859375
1 0.51875 0.61484375 0.0625 0.0828125
1 0.5765625 0.59375 0.1078125 0.15625
1 0.55 0.49765625 0.0765625 0.06875
1 0.56640625 0.421875 0.1078125 0.128125
1 0.659375 0.4140625 0.1 0.1609375
1 0.625 0.28828125 0.0546875 0.084375
1 0.6828125 0.309375 0.096875 0.1578125
1 0.78125 0.4546875 0.0984375 0.1875
1 0.709375 0.54375 0.059375 0.0625
1 0.6484375 0.6640625 0.1203125 0.2484375
1 0.7078125 0.70546875 0.053125 0.0734375
1 0.71640625 0.66484375 0.04375 0.0390625
1 0.74921875 0.61875 0.059375 0.053125
1 0.80234375 0.61796875 0.075 0.1640625
1 0.78515625 0.75546875 0.05 0.059375
1 0.77890625 0.84140625 0.0578125 0.0640625
1 0.70859375 0.875 0.03125 0.0390625
1 0.7078125 0.9515625 0.0390625 0.0328125
1 0.80625 0.90859375 0.0328125 0.040625
1 0.84140625 0.76328125 0.10625 0.178125
1 0.88515625 0.6890625 0.1 0.190625
1 0.9484375 0.83828125 0.0515625 0.109375
1 0.92109375 0.871875 0.0265625 0.04375
1 0.86640625 0.54765625 0.0390625 0.071875
1 0.84453125 0.478125 0.0390625 0.0609375
1 0.83203125 0.4171875 0.028125 0.0296875
1 0.85703125 0.4453125 0.0390625 0.053125
1 0.89375 0.4859375 0.0265625 0.0421875
1 0.92109375 0.51015625 0.0265625 0.046875
1 0.9234375 0.56484375 0.0484375 0.08125
1 0.95546875 0.534375 0.05 0.0796875
1 0.984375 0.65859375 0.03125 0.1109375
1 0.96328125 0.6640625 0.021875 0.0546875
1 0.97421875 0.6578125 0.0390625 0.0734375
1 0.99609375 0.73984375 0.0078125 0.0484375