1 0.02265625 0.42109375 0.0453125 0.1046875
1 0.02734375 0.52734375 0.0546875 0.0765625
1 0.1 0.41796875 0.065625 0.0921875
1 0.06171875 0.440625 0.0296875 0.0328125
1 0.20234375 0.4015625 0.0609375 0.0484375
1 0.26328125 0.31328125 0.075 0.0546875
1 0.52421875 0.21875 0.1703125 0.1625
1 0.73125 0.346875 0.1921875 0.1625
1 0.75 0.1546875 0.1109375 0.09375
1 0.8203125 0.19921875 0.075 0.053125
1 0.9125 0.2953125 0.0859375 0.0609375
1 0.8765625 0.34140625 0.0796875 0.06875
1 0.8515625 0.38984375 0.09375 0.0609375
1 0.840625 0.434375 0.0609375 0.04375
1 0.859375 0.47734375 0.071875 0.04375
1 0.79765625 0.5078125 0.01875 0.01875
1 0.76484375 0.6078125 0.084375 0.0625
1 0.36953125 0.48125 0.071875 0.059375
1 0.46171875 0.528125 0.034375 0.028125
1 0.2390625 0.503125 0.0390625 0.0328125
1 0.2234375 0.3734375 0.034375 0.028125
1 0.19765625 0.6609375 0.0328125 0.025
1 0.25546875 0.64921875 0.0375 0.0234375
1 0.284375 0.68046875 0.034375 0.0234375
1 0.24140625 0.85390625 0.2265625 0.2
1 0.5515625 0.80546875 0.165625 0.2359375
1 0.959375 0.81171875 0.06875 0.0578125