1 0.21875 0.03984375 0.034375 0.034375
1 0.215625 0.08828125 0.034375 0.0390625
1 0.5734375 0.06171875 0.0765625 0.0796875
1 0.5109375 0.1296875 0.03125 0.028125
1 0.51171875 0.17109375 0.0296875 0.03125
1 0.57578125 0.21875 0.0359375 0.0359375
1 0.63515625 0.140625 0.03125 0.03125
1 0.575 0.17265625 0.0171875 0.021875
1 0.6109375 0.21328125 0.040625 0.0765625
1 0.64296875 0.2171875 0.0203125 0.0265625
1 0.61640625 0.29765625 0.025 0.028125
1 0.546875 0.296875 0.034375 0.0375
1 0.615625 0.33828125 0.0328125 0.034375
1 0.62109375 0.37890625 0.046875 0.0484375
1 0.57578125 0.37890625 0.0421875 0.046875
1 0.47578125 0.34375 0.0453125 0.04375
1 0.4796875 0.25 0.0328125 0.0359375
1 0.4453125 0.20703125 0.0328125 0.040625
1 0.5171875 0.425 0.01875 0.0296875
1 0.55234375 0.42265625 0.03125 0.04375
1 0.58515625 0.471875 0.0296875 0.0359375
1 0.52109375 0.471875 0.021875 0.025
1 0.484375 0.46875 0.03125 0.04375
1 0.70078125 0.459375 0.0578125 0.1203125
1 0.65390625 0.51875 0.01875 0.0265625
1 0.8078125 0.3859375 0.0359375 0.046875
1 0.8421875 0.36484375 0.0359375 0.065625
1 0.82890625 0.25859375 0.046875 0.0875
1 0.884375 0.2359375 0.0390625 0.0875
1 0.9625 0.196875 0.0375 0.0359375
1 0.51640625 0.56640625 0.053125 0.040625
1 0.58984375 0.55859375 0.04375 0.0484375
1 0.55859375 0.615625 0.0609375 0.0765625
1 0.6296875 0.65546875 0.0921875 0.0828125
1 0.765625 0.6609375 0.0828125 0.1171875
1 0.85 0.55234375 0.03125 0.040625
1 0.975 0.50859375 0.025 0.03125
1 0.21171875 0.203125 0.034375 0.040625
1 0.21015625 0.246875 0.03125 0.03125
1 0.234375 0.29453125 0.0421875 0.034375
1 0.23984375 0.375 0.034375 0.040625
1 0.27421875 0.3765625 0.0375 0.04375
1 0.340625 0.37734375 0.053125 0.0421875
1 0.34375 0.42265625 0.04375 0.0453125
1 0.2765625 0.20390625 0.034375 0.0390625
1 0.246875 0.121875 0.034375 0.0359375
1 0.28125 0.11875 0.021875 0.034375
1 0.3109375 0.08359375 0.021875 0.034375
1 0.35078125 0.12578125 0.0265625 0.0265625
1 0.38203125 0.1671875 0.021875 0.04375
1 0.31015625 0.1625 0.0359375 0.0296875
1 0.30859375 0.28828125 0.0265625 0.03125
1 0.38515625 0.2921875 0.0375 0.046875
1 0.34375 0.2453125 0.0234375 0.021875
1 0.3796875 0.37890625 0.0171875 0.021875
1 0.23515625 0.4671875 0.0328125 0.034375
1 0.2734375 0.4640625 0.034375 0.0375
1 0.38125 0.51484375 0.0265625 0.03125
1 0.415625 0.51640625 0.0265625 0.021875
1 0.378125 0.56953125 0.03125 0.0453125
1 0.30625 0.51484375 0.025 0.03125
1 0.34453125 0.5578125 0.01875 0.028125
1 0.2734375 0.56171875 0.0328125 0.0328125
1 0.2703125 0.60625 0.0171875 0.028125
1 0.2015625 0.56328125 0.0203125 0.0359375
1 0.3046875 0.609375 0.0390625 0.03125
1 0.38125 0.70625 0.028125 0.034375
1 0.2359375 0.659375 0.0296875 0.0421875
1 0.30390625 0.7046875 0.0515625 0.0421875
1 0.3484375 0.70390625 0.0390625 0.0578125
1 0.30859375 0.803125 0.05 0.0578125
1 0.3828125 0.80625 0.034375 0.0328125
1 0.48671875 0.653125 0.0296875 0.025
1 0.23046875 0.75703125 0.0328125 0.0375
1 0.52734375 0.7546875 0.0234375 0.0359375
1 0.59609375 0.75078125 0.01875 0.0375
1 0.5953125 0.70390625 0.03125 0.0296875
1 0.63203125 0.79140625 0.0625 0.06875
1 0.60234375 0.85 0.0359375 0.0328125
1 0.69375 0.74296875 0.0203125 0.025
1 0.56875 0.9015625 0.0359375 0.0265625
1 0.66640625 0.89765625 0.0328125 0.0265625
1 0.63203125 0.8984375 0.025 0.0328125
1 0.73515625 0.88125 0.0609375 0.0515625
1 0.825 0.64453125 0.025 0.071875
1 0.1953125 0.94140625 0.065625 0.0609375
1 0.96640625 0.70859375 0.0671875 0.1359375
1 0.446875 0.12578125 0.0375 0.04375
1 0.47578125 0.0921875 0.0328125 0.03125
1 0.4421875 0.0484375 0.053125 0.0390625
1 0.4453125 0.0140625 0.040625 0.0265625
1 0.31484375 0.040625 0.0234375 0.0328125
1 0.33984375 0.909375 0.021875 0.0265625
1 0.340625 0.9796875 0.059375 0.040625
1 0.771875 0.921875 0.025 0.015625