1 0.15 0.234375 0.1390625 0.1609375
1 0.09921875 0.10703125 0.0734375 0.10078125
1 0.2671875 0.11484375 0.0921875 0.08515625
1 0.39140625 0.1359375 0.09296875 0.1625
1 0.43828125 0.39375 0.0515625 0.25078125
1 0.515625 0.32734375 0.078125 0.1140625
1 0.65234375 0.6796875 0.06875 0.0921875
1 0.7984375 0.75625 0.1296875 0.17578125
1 0.48671875 0.8375 0.0796875 0.0921875
1 0.48046875 0.9390625 0.084375 0.075
1 0.47890625 0.65390625 0.08046875 0.10234375
1 0.34453125 0.58515625 0.125 0.11328125
1 0.32890625 0.4 0.14921875 0.1625
1 0.16953125 0.41875 0.1015625 0.1296875
1 0.25859375 0.728125 0.05234375 0.04375
1 0.0578125 0.68359375 0.04296875 0.04375
1 0.0734375 0.9171875 0.115625 0.165625
1 0.15703125 0.84296875 0.02890625 0.02734375
1 0.39765625 0.84453125 0.115625 0.29140625
1 0.93125 0.9765625 0.05 0.046875
1 0.846875 0.153125 0.16640625 0.21015625
1 0.709375 0.5453125 0.11171875 0.19375
1 0.71953125 0.3890625 0.13359375 0.20625