1 0.1796875 0.22265625 0.10078125 0.10625
1 0.284375 0.06640625 0.0875 0.0921875
1 0.56640625 0.10703125 0.03671875 0.0546875
1 0.528125 0.2359375 0.190625 0.18828125
1 0.38203125 0.29296875 0.06953125 0.08203125
1 0.33359375 0.4765625 0.1359375 0.140625
1 0.35546875 0.7234375 0.140625 0.21171875
1 0.4203125 0.5875 0.11640625 0.18828125
1 0.553125 0.5359375 0.07265625 0.05859375
1 0.6109375 0.45234375 0.11484375 0.12734375
1 0.72265625 0.3 0.0375 0.090625
1 0.80234375 0.35703125 0.09609375 0.1796875
1 0.73046875 0.4578125 0.0671875 0.18515625
1 0.9046875 0.540625 0.096875 0.23203125
1 0.490625 0.6796875 0.06015625 0.109375
1 0.5828125 0.6609375 0.11328125 0.17890625
1 0.66953125 0.77109375 0.08984375 0.325
1 0.7359375 0.85078125 0.04765625 0.09609375
1 0.75390625 0.79609375 0.05078125 0.046875
1 0.809375 0.72734375 0.0625 0.040625
1 0.78203125 0.634375 0.0390625 0.04375
1 0.82265625 0.92421875 0.046875 0.0734375
1 0.88125 0.74921875 0.06796875 0.21171875
1 0.91015625 0.73515625 0.0734375 0.22109375
1 0.91328125 0.928125 0.08203125 0.14375
1 0.9765625 0.8734375 0.04609375 0.24453125