1 0.18203125 0.15234375 0.1328125 0.0890625
1 0.046875 0.1890625 0.09375 0.078125
1 0.3140625 0.21640625 0.115625 0.075
1 0.22734375 0.35078125 0.1171875 0.09375
1 0.2328125 0.44296875 0.1078125 0.071875
1 0.3765625 0.40546875 0.1171875 0.0953125
1 0.475 0.27421875 0.090625 0.0859375
1 0.60078125 0.26875 0.09375 0.103125
1 0.58359375 0.1578125 0.1140625 0.0828125
1 0.715625 0.13046875 0.1234375 0.0734375
1 0.44453125 0.028125 0.1328125 0.05625
1 0.0109375 0.4140625 0.021875 0.090625
1 0.15078125 0.57109375 0.11875 0.0890625
1 0.40078125 0.6140625 0.2203125 0.1375
1 0.5640625 0.571875 0.15625 0.128125
1 0.6796875 0.55234375 0.1296875 0.10625
1 0.73046875 0.73359375 0.1078125 0.0890625
1 0.4890625 0.8015625 0.2640625 0.1546875
1 0.36328125 0.93984375 0.109375 0.075
1 0.18359375 0.77109375 0.1328125 0.1125
1 0.65546875 0.95859375 0.084375 0.0515625