1 0.1828125 0.08515625 0.109375 0.1671875
1 0.28828125 0.2984375 0.10234375 0.1625
1 0.3375 0.090625 0.05625 0.08046875
1 0.36875 0.1734375 0.04375 0.0515625
1 0.49453125 0.1625 0.0234375 0.0453125
1 0.4953125 0.24453125 0.03046875 0.05390625
1 0.403125 0.25 0.015625 0.03125
1 0.4625 0.16171875 0.0234375 0.0265625
1 0.5625 0.190625 0.02890625 0.03359375
1 0.603125 0.2765625 0.0296875 0.028125
1 0.59296875 0.05859375 0.04765625 0.0703125
1 0.6703125 0.08984375 0.0453125 0.1
1 0.0234375 0.3515625 0.04609375 0.0546875
1 0.25390625 0.596875 0.04453125 0.05078125
1 0.328125 0.4859375 0.02109375 0.028125
1 0.3265625 0.43203125 0.02265625 0.0234375
1 0.33671875 0.38671875 0.05546875 0.02890625
1 0.0875 0.77265625 0.09296875 0.2515625
1 0.3953125 0.73828125 0.04296875 0.07734375
1 0.46171875 0.5828125 0.05546875 0.0546875
1 0.4265625 0.628125 0.025 0.01953125
1 0.32109375 0.83203125 0.0375 0.0359375
1 0.50703125 0.84140625 0.0625 0.06171875
1 0.53828125 0.8921875 0.06484375 0.065625
1 0.45390625 0.7359375 0.04375 0.07734375
1 0.584375 0.7296875 0.06484375 0.09609375
1 0.65 0.52421875 0.0734375 0.06796875
1 0.80390625 0.62265625 0.0703125 0.08046875
1 0.92578125 0.68359375 0.04765625 0.084375
1 0.93984375 0.903125 0.0890625 0.0640625
1 0.9765625 0.946875 0.046875 0.04765625
1 0.95859375 0.32265625 0.06953125 0.11796875
1 0.81796875 0.0890625 0.05546875 0.0671875
1 0.934375 0.19296875 0.0984375 0.10078125
1 0.9765625 0.23125 0.04609375 0.10390625
1 0.94765625 0.0640625 0.05859375 0.053125
1 0.90703125 0.07109375 0.03046875 0.03359375
1 0.81875 0.00703125 0.0421875 0.0140625
1 0.39296875 0.30625 0.040625 0.06484375
1 0.3671875 0.340625 0.04453125 0.05625