1 0.25 0.1578125 0.121875 0.1265625
1 0.3875 0.04140625 0.10625 0.0828125
1 0.653125 0.13203125 0.0484375 0.0609375
1 0.58671875 0.24921875 0.228125 0.2265625
1 0.43125 0.271875 0.0859375 0.0953125
1 0.34296875 0.43984375 0.1640625 0.1671875
1 0.30859375 0.68515625 0.184375 0.2375
1 0.40234375 0.5671875 0.15625 0.209375
1 0.54375 0.546875 0.084375 0.0734375
1 0.61875 0.47890625 0.140625 0.15
1 0.76171875 0.35546875 0.05625 0.096875
1 0.8265625 0.42890625 0.134375 0.196875
1 0.734375 0.5109375 0.1078125 0.1953125
1 0.88515625 0.63046875 0.146875 0.2484375
1 0.45078125 0.67265625 0.0828125 0.1203125
1 0.54453125 0.67578125 0.15 0.2
1 0.60390625 0.80234375 0.1609375 0.3375
1 0.65078125 0.89453125 0.06875 0.1046875
1 0.68046875 0.8453125 0.059375 0.0578125
1 0.75 0.79140625 0.0703125 0.053125
1 0.74453125 0.69453125 0.0484375 0.0515625
1 0.71875 0.971875 0.0625 0.05625
1 0.815625 0.82890625 0.1140625 0.221875
1 0.846875 0.82109375 0.121875 0.23125
1 0.80625 0.965625 0.1125 0.06875
1 0.8796875 0.9234375 0.1 0.153125