1 0.74765625 0.0734375 0.1453125 0.146875
1 0.9171875 0.171875 0.121875 0.1859375
1 0.91875 0.32734375 0.1234375 0.18125
1 0.9296875 0.5125 0.1296875 0.1625
1 0.92578125 0.9375 0.11875 0.0640625
1 0.85234375 0.95859375 0.0296875 0.028125
1 0.85546875 0.81953125 0.028125 0.034375
1 0.80390625 0.78125 0.0515625 0.0578125
1 0.84296875 0.6625 0.0421875 0.04375
1 0.78515625 0.59921875 0.0546875 0.0578125
1 0.796875 0.5109375 0.040625 0.040625
1 0.825 0.359375 0.0828125 0.2015625
1 0.7265625 0.3 0.0359375 0.040625
1 0.74609375 0.3671875 0.0609375 0.0484375
1 0.70703125 0.43515625 0.0484375 0.05
1 0.69296875 0.4703125 0.0328125 0.078125
1 0.62578125 0.446875 0.1109375 0.2203125
1 0.690625 0.63984375 0.025 0.0359375
1 0.69140625 0.71484375 0.025 0.0296875
1 0.68671875 0.82421875 0.0421875 0.0546875
1 0.703125 0.86015625 0.0265625 0.0296875
1 0.7484375 0.92734375 0.034375 0.05
1 0.7875 0.8609375 0.0375 0.0328125
1 0.5421875 0.3859375 0.0984375 0.128125
1 0.50234375 0.3078125 0.05 0.0546875
1 0.5359375 0.24453125 0.1 0.103125
1 0.65234375 0.18515625 0.1109375 0.15625
1 0.62578125 0.0734375 0.0390625 0.0734375
1 0.4703125 0.11171875 0.140625 0.15625
1 0.48359375 0.015625 0.0484375 0.03125
1 0.3046875 0.0953125 0.04375 0.0546875
1 0.36875 0.21484375 0.0453125 0.0734375
1 0.33359375 0.21953125 0.0359375 0.0390625
1 0.2640625 0.146875 0.03125 0.034375
1 0.2609375 0.23203125 0.05 0.0875
1 0.3515625 0.34140625 0.0890625 0.1203125
1 0.41875 0.38671875 0.090625 0.1265625
1 0.3921875 0.48359375 0.0984375 0.140625
1 0.47890625 0.42578125 0.0578125 0.0890625
1 0.4953125 0.87421875 0.040625 0.1015625
1 0.6203125 0.809375 0.03125 0.034375
1 0.359375 0.88125 0.0515625 0.1046875
1 0.2046875 0.815625 0.09375 0.0953125
1 0.0484375 0.70390625 0.071875 0.1
1 0.121875 0.2359375 0.0640625 0.09375
1 0.05546875 0.2046875 0.0578125 0.0546875
1 0.0125 0.334375 0.025 0.034375
1 0.03203125 0.4234375 0.0234375 0.04375
1 0.0875 0.24453125 0.03125 0.03125